2.851330000000000253e-01 4.779255000000000309e-02 6.581738000000000310e-01 2.289361999999999854e-09 9.536791000000000018e-01 -7.590426000000000117e-01 -1.289894000000000041e-01 1.459309000000000023e-01 3.006206000000000156e+00 2.186170000000000127e-02
2.919946999999999959e-01 4.948403999999999997e-02 7.241311999999999749e-01 2.100708999999999968e-09 9.866578000000000293e-01 -9.824467999999999535e-01 -9.215425999999999895e-01 7.109042999999999612e-02 2.370744999999999880e+00 -6.329786999999999914e-03
3.272606000000000126e-01 4.523935999999999930e-02 6.764362000000000430e-01 1.958864999999999935e-09 9.744237999999999511e-01 -1.267552999999999930e+00 1.848403999999999880e-01 9.518617000000000050e-02 3.534928999999999988e+00 -2.026595999999999953e-02
2.776330000000000187e-01 4.648403999999999731e-02 6.478901000000000243e-01 1.968793999999999809e-09 9.628103000000000078e-01 -8.739362000000000519e-01 -3.045212999999999948e-01 1.401862000000000108e-01 2.782801000000000080e+00 -2.750000000000000014e-02
2.964628000000000263e-01 5.031382999999999689e-02 6.819325999999999999e-01 1.939007000000000188e-09 9.894060000000000077e-01 -1.085638000000000103e+00 -9.481382999999999894e-01 7.444148999999999905e-02 3.532446999999999893e+00 1.739361999999999853e-02
3.488031999999999799e-01 4.728191000000000338e-02 7.175709000000000115e-01 2.439715999999999891e-09 9.804521000000000486e-01 -1.154787000000000008e+00 4.800532000000000132e-01 1.050798000000000010e-01 2.757979000000000180e+00 9.308511000000000216e-03
2.619947000000000248e-01 5.049468000000000012e-02 6.634929000000000521e-01 2.245389999999999832e-09 9.747784000000000448e-01 -9.728723000000000232e-01 5.984043000000000001e-02 1.216755000000000059e-01 3.239539000000000168e+00 2.515956999999999916e-02
2.966223000000000054e-01 4.571809000000000289e-02 6.916843999999999770e-01 1.907800999999999873e-09 9.546542999999999557e-01 -8.505319000000000074e-01 -8.550531999999999577e-01 1.031649000000000038e-01 3.184928999999999899e+00 -2.505318999999999949e-02
3.358777000000000013e-01 4.812233999999999956e-02 7.363652000000000530e-01 2.113475000000000087e-09 9.917110000000000092e-01 -1.226064000000000043e+00 -9.308511000000000216e-03 6.997340000000000504e-02 2.705851000000000006e+00 -1.223403999999999985e-03
2.755584999999999840e-01 5.022871999999999754e-02 6.510816000000000381e-01 2.241135000000000037e-09 9.563386999999999860e-01 -1.092020999999999908e+00 -4.002660000000000107e-01 9.598404000000000658e-02 2.986348000000000003e+00 -2.707446999999999979e-02
3.057180999999999926e-01 4.559043000000000123e-02 6.879610000000000447e-01 2.127660000000000075e-09 9.908244999999999969e-01 -1.157979000000000092e+00 -6.316488999999999576e-01 6.710106000000000404e-02 3.323935999999999780e+00 2.473403999999999880e-02
3.419415000000000093e-01 4.828190999999999733e-02 7.296276999999999902e-01 1.863830000000000170e-09 9.730940000000000145e-01 -8.792552999999999619e-01 2.805850999999999762e-01 1.406649000000000094e-01 2.710815999999999892e+00 -4.202128000000000287e-03
2.608776999999999902e-01 4.667552999999999980e-02 6.900886999999999993e-01 1.948936000000000062e-09 9.516400999999999888e-01 -8.781915000000000138e-01 -7.938830000000000053e-01 1.087499999999999994e-01 2.827481999999999829e+00 1.143617000000000071e-02
3.093883000000000050e-01 4.787766000000000244e-02 6.471808999999999479e-01 2.038298000000000068e-09 9.913564000000000265e-01 -1.237765999999999922e+00 -3.337765999999999789e-01 6.534573999999999938e-02 3.470390000000000086e+00 -9.521276999999999865e-03
3.401861999999999941e-01 4.920744999999999980e-02 7.157978999999999870e-01 2.382979000000000069e-09 9.793882999999999894e-01 -1.002660000000000107e+00 1.715425999999999895e-01 1.449734000000000023e-01 2.517199000000000186e+00 -1.260638000000000036e-02
