-2.201819807273726060e+00
-2.176690419251552822e+00
-2.151561031229379584e+00
-2.126431643207206346e+00
-2.101302255185033552e+00
-2.076172867162860314e+00
-2.051043479140687076e+00
-2.025914091118513838e+00
-2.000784703096340600e+00
-1.975655315074167584e+00
-1.950525927051994346e+00
-1.925396539029821330e+00
-1.900267151007648092e+00
-1.875137762985474854e+00
-1.850008374963301616e+00
-1.824878986941128600e+00
-1.799749598918955362e+00
-1.774620210896782124e+00
-1.749490822874609108e+00
-1.724361434852435870e+00
-1.699232046830262632e+00
-1.674102658808089394e+00
-1.648973270785916379e+00
-1.623843882763743141e+00
-1.598714494741570125e+00
-1.573585106719396887e+00
-1.548455718697223649e+00
-1.523326330675050411e+00
-1.498196942652877395e+00
-1.473067554630704157e+00
-1.447938166608531141e+00
-1.422808778586357903e+00
-1.397679390564184665e+00
-1.372550002542011427e+00
-1.347420614519838189e+00
-1.322291226497665173e+00
-1.297161838475491935e+00
-1.272032450453318919e+00
-1.246903062431145681e+00
-1.221773674408972443e+00
-1.196644286386799205e+00
-1.171514898364626189e+00
-1.146385510342452951e+00
-1.121256122320279713e+00
-1.096126734298106697e+00
-1.070997346275933459e+00
-1.045867958253760222e+00
-1.020738570231587206e+00
-9.956091822094139676e-01
-9.704797941872407296e-01
-9.453504061650677137e-01
-9.202210181428944757e-01
-8.950916301207212378e-01
-8.699622420985482218e-01
-8.448328540763749839e-01
-8.197034660542017459e-01
-7.945740780320287300e-01
-7.694446900098554920e-01
-7.443153019876822540e-01
-7.191859139655090161e-01
-6.940565259433360001e-01
-6.689271379211627622e-01
-6.437977498989895242e-01
-6.186683618768165083e-01
-5.935389738546432703e-01
-5.684095858324700323e-01
-5.432801978102970164e-01
-5.181508097881237784e-01
-4.930214217659505405e-01
-4.678920337437775245e-01
-4.427626457216042866e-01
-4.176332576994310486e-01
-3.925038696772578106e-01
-3.673744816550847947e-01
-3.422450936329115567e-01
-3.171157056107383188e-01
-2.919863175885653028e-01
-2.668569295663920649e-01
-2.417275415442188269e-01
-2.165981535220458110e-01
-1.914687654998723509e-01
-1.663393774776995571e-01
-1.412099894555263191e-01
-1.160806014333530811e-01
-9.095121341117984315e-02
-6.582182538900660518e-02
-4.069243736683336721e-02
-1.556304934466057333e-02
9.566338677512747912e-03
