-5.9976085275e-01
-5.7448927541e-01
-5.4921769808e-01
-5.2394612074e-01
-4.9867454340e-01
-4.7340296606e-01
-4.4813138873e-01
-4.2285981139e-01
-3.9758823405e-01
-3.7231665672e-01
-3.4704507938e-01
-3.2177350204e-01
-2.9650192470e-01
-2.7123034737e-01
-2.4595877003e-01
-2.2068719269e-01
-1.9541561536e-01
-1.7014403802e-01
-1.4487246068e-01
-1.1960088334e-01
-9.4329306007e-02
-6.9057728670e-02
-4.3786151333e-02
-1.8514573996e-02
6.7570033414e-03
3.2028580679e-02
5.7300158016e-02
8.2571735353e-02
1.0784331269e-01
1.3311489003e-01
1.5838646736e-01
1.8365804470e-01
2.0892962204e-01
2.3420119938e-01
2.5947277671e-01
2.8474435405e-01
3.1001593139e-01
3.3528750872e-01
3.6055908606e-01
3.8583066340e-01
4.1110224074e-01
4.3637381807e-01
4.6164539541e-01
4.8691697275e-01
5.1218855008e-01
5.3746012742e-01
5.6273170476e-01
5.8800328210e-01
6.1327485943e-01
6.3854643677e-01
6.6381801411e-01
6.8908959144e-01
7.1436116878e-01
7.3963274612e-01
7.6490432346e-01
7.9017590079e-01
8.1544747813e-01
8.4071905547e-01
8.6599063280e-01
8.9126221014e-01
9.1653378748e-01
9.4180536482e-01
9.6707694215e-01
9.9234851949e-01
