-1.599760852747930340e+00
-1.575994039405258507e+00
-1.552227226062586674e+00
-1.528460412719914618e+00
-1.504693599377242785e+00
-1.480926786034570952e+00
-1.457159972691899119e+00
-1.433393159349227286e+00
-1.409626346006555453e+00
-1.385859532663883620e+00
-1.362092719321211565e+00
-1.338325905978539732e+00
-1.314559092635867898e+00
-1.290792279293196065e+00
-1.267025465950524232e+00
-1.243258652607852399e+00
-1.219491839265180566e+00
-1.195725025922508511e+00
-1.171958212579836678e+00
-1.148191399237164845e+00
-1.124424585894493012e+00
-1.100657772551821179e+00
-1.076890959209149123e+00
-1.053124145866477512e+00
-1.029357332523805457e+00
-1.005590519181133624e+00
-9.818237058384617910e-01
-9.580568924957899579e-01
-9.342900791531180138e-01
-9.105232658104461807e-01
-8.867564524677743476e-01
-8.629896391251024035e-01
-8.392228257824305704e-01
-8.154560124397587373e-01
-7.916891990970867932e-01
-7.679223857544149601e-01
-7.441555724117431270e-01
-7.203887590690711829e-01
-6.966219457263993498e-01
-6.728551323837275167e-01
-6.490883190410556836e-01
-6.253215056983837394e-01
-6.015546923557119063e-01
-5.777878790130399622e-01
-5.540210656703681291e-01
-5.302542523276962960e-01
-5.064874389850244629e-01
-4.827206256423526298e-01
-4.589538122996805747e-01
-4.351869989570087416e-01
-4.114201856143369085e-01
-3.876533722716650754e-01
-3.638865589289932423e-01
-3.401197455863214092e-01
-3.163529322436495761e-01
-2.925861189009775210e-01
-2.688193055583056879e-01
-2.450524922156338548e-01
-2.212856788729620217e-01
-1.975188655302901886e-01
-1.737520521876183555e-01
-1.499852388449463003e-01
-1.262184255022744672e-01
-1.024516121596026341e-01
-7.868479881693080102e-02
-5.491798547425896793e-02
-3.115117213158713483e-02
-7.384358788915301730e-03
1.638245455375675341e-02
4.014926789642858651e-02
6.391608123910041961e-02
8.768289458177225271e-02
1.114497079244440858e-01
1.352165212671159189e-01
1.589833346097879740e-01
1.827501479524598071e-01
2.065169612951316402e-01
2.302837746378034733e-01
2.540505879804753064e-01
2.778174013231471395e-01
3.015842146658189726e-01
3.253510280084910278e-01
3.491178413511628609e-01
3.728846546938346940e-01
3.966514680365065271e-01
4.204182813791783602e-01
4.441850947218504153e-01
4.679519080645220264e-01
4.917187214071940815e-01
5.154855347498656926e-01
5.392523480925377477e-01
5.630191614352098028e-01
5.867859747778814139e-01
6.105527881205534690e-01
6.343196014632250801e-01
6.580864148058971352e-01
6.818532281485691904e-01
7.056200414912408014e-01
7.293868548339128566e-01
7.531536681765844676e-01
7.769204815192565228e-01
8.006872948619281338e-01
8.244541082046001890e-01
8.482209215472722441e-01
8.719877348899438552e-01
8.957545482326159103e-01
9.195213615752875214e-01
9.432881749179595765e-01
9.670549882606311876e-01
9.908218016033032427e-01
1.014588614945975520e+00
