-5.997608527500000175e-01
-5.744892754100000554e-01
-5.492176980799999830e-01
-5.239461207400000209e-01
-4.986745434000000032e-01
-4.734029660599999856e-01
-4.481313887300000243e-01
-4.228598113900000066e-01
-3.975882340499999890e-01
-3.723166567200000276e-01
-3.470450793800000100e-01
-3.217735020399999923e-01
-2.965019246999999747e-01
-2.712303473700000134e-01
-2.459587700299999957e-01
-2.206871926900000058e-01
-1.954156153599999890e-01
-1.701440380199999991e-01
-1.448724606800000092e-01
-1.196008833400000054e-01
-9.432930600699999946e-02
-6.905772866999999871e-02
-4.378615133299999795e-02
-1.851457399600000067e-02
6.757003341400000425e-03
3.202858067900000300e-02
5.730015801599999681e-02
8.257173535299999756e-02
1.078433126899999983e-01
1.331148900299999882e-01
1.583864673600000050e-01
1.836580446999999949e-01
