-1.599760852700000013e+00
-1.560024626099999923e+00
-1.520288399500000054e+00
-1.480552172999999971e+00
-1.440815946400000103e+00
-1.401079719800000012e+00
-1.361343493199999921e+00
-1.321607266600000052e+00
-1.281871039999999962e+00
-1.242134813500000101e+00
-1.202398586900000010e+00
-1.162662360299999920e+00
-1.122926133700000051e+00
-1.083189907099999960e+00
-1.043453680600000100e+00
-1.003717454000000009e+00
-9.639812273900000283e-01
-9.242450008100000503e-01
-8.845087742299999611e-01
-8.447725476399999822e-01
-8.050363210600000041e-01
-7.653000944800000260e-01
-7.255638679000000479e-01
-6.858276413199999588e-01
-6.460914147299999799e-01
-6.063551881500000018e-01
-5.666189615700000237e-01
-5.268827349900000456e-01
-4.871465084100000120e-01
-4.474102818199999776e-01
-4.076740552399999995e-01
-3.679378286600000214e-01
