2.491599999999999926e-01 4.252999999999999836e-02 6.280533000000000365e-01 2.990666999999999843e-09 9.150000000000000355e-01 -6.479667000000000066e-01 -6.876666999999999641e-01 4.939999999999999947e-01 4.139667000000000208e+00 -2.000000000000000096e-04
3.105999999999999872e-01 4.610999999999999821e-02 6.677332999999999741e-01 1.054666999999999911e-09 1.076600000000000001e+00 -8.505000000000000338e-01 -1.924333000000000071e+00 3.867999999999999772e-01 2.247532999999999781e+00 1.940000000000000058e-02
3.619600000000000040e-01 5.041000000000000342e-02 7.133867000000000402e-01 1.841333000000000015e-09 8.010000000000000453e-01 8.363333000000000572e-02 -6.456667000000000378e-01 7.960000000000000409e-02 3.057132999999999878e+00 -3.313333000000000250e-02
2.760400000000000076e-01 4.927000000000000129e-02 6.604799999999999560e-01 1.588000000000000100e-09 1.073800000000000088e+00 -1.218366999999999978e+00 -1.443667000000000034e+00 5.000000000000000278e-02 2.682999999999999829e+00 2.620000000000000107e-02
2.930800000000000072e-01 4.241000000000000325e-02 7.146666999999999881e-01 1.724000000000000044e-09 9.173999999999999932e-01 1.518333000000000044e-01 -2.554333000000000187e+00 3.084000000000000075e-01 3.992466999999999988e+00 -4.859999999999999737e-02
3.790000000000000036e-01 5.294999999999999707e-02 6.197333000000000425e-01 2.673333000000000037e-09 8.686000000000000387e-01 -3.627666999999999975e-01 3.000000000000000062e-03 5.260000000000000231e-01 3.265667000000000098e+00 -6.666666999999999439e-05
2.311600000000000044e-01 4.725000000000000033e-02 7.253332999999999586e-01 2.116000000000000138e-09 8.342000000000000526e-01 -1.129499999999999948e+00 -1.416667000000000065e-01 2.212000000000000077e-01 4.090600000000000236e+00 2.233332999999999846e-02
3.031599999999999850e-01 4.481000000000000261e-02 6.020267000000000257e-01 2.588000000000000162e-09 1.065800000000000081e+00 -7.637000000000000455e-01 -1.625666999999999973e+00 1.708000000000000074e-01 3.149132999999999960e+00 -4.846667000000000336e-02
3.698799999999999866e-01 5.025000000000000300e-02 7.061332999999999638e-01 1.563999999999999976e-09 9.110000000000000320e-01 1.559667000000000137e-01 -2.068999999999999950e+00 4.683999999999999830e-01 2.216867000000000143e+00 1.179999999999999973e-02
2.647599999999999953e-01 4.542999999999999816e-02 6.939733000000000152e-01 2.956000000000000132e-09 8.853999999999999648e-01 -1.088167000000000106e+00 -5.196667000000000369e-01 1.300000000000000044e-01 3.054066999999999865e+00 -4.073332999999999815e-02
3.002799999999999914e-01 5.328999999999999709e-02 6.190932999999999575e-01 1.561332999999999948e-09 1.003800000000000026e+00 1.208333000000000046e-01 -1.070332999999999979e+00 3.195999999999999952e-01 2.370200000000000085e+00 2.993333000000000105e-02
3.833199999999999941e-01 4.397000000000000214e-02 7.121066999999999814e-01 1.716000000000000071e-09 9.374000000000000110e-01 -5.115667000000000408e-01 -2.806332999999999966e+00 5.756000000000000005e-01 4.280732999999999677e+00 -6.599999999999999964e-03
2.791600000000000192e-01 4.209000000000000241e-02 6.944000000000000172e-01 1.339999999999999922e-09 1.062599999999999989e+00 -3.916999999999999926e-01 -2.843666999999999945e+00 2.843999999999999861e-01 3.750199999999999978e+00 3.926666999999999658e-02
3.055599999999999983e-01 5.473000000000000087e-02 7.076267000000000529e-01 2.206667000000000069e-09 8.541999999999999593e-01 -2.305000000000000104e-01 -2.583332999999999879e-01 5.996000000000000218e-01 3.437399999999999789e+00 1.046667000000000083e-02
3.912399999999999767e-01 4.766999999999999710e-02 6.308266999999999625e-01 2.334667000000000040e-09 9.377999999999999670e-01 -1.255567000000000100e+00 -1.639666999999999986e+00 3.479999999999999760e-02 2.965132999999999797e+00 -3.219999999999999946e-02
2.650000000000000133e-01 4.986999999999999766e-02 7.266133000000000175e-01 1.769333000000000057e-09 8.045999999999999819e-01 -6.723332999999999393e-02 -2.675666999999999796e+00 2.716000000000000081e-01 3.599933000000000050e+00 4.139999999999999930e-02
3.029200000000000226e-01 5.270999999999999991e-02 6.092800000000000438e-01 1.446667000000000005e-09 1.030200000000000005e+00 -8.752999999999999670e-01 -1.229000000000000092e+00 5.547999999999999599e-01 2.275132999999999850e+00 -1.073332999999999926e-02
3.792400000000000215e-01 4.096999999999999947e-02 7.001600000000000046e-01 2.382666999999999874e-09 9.961999999999999744e-01 -7.389000000000000012e-01 -4.776666999999999996e-01 1.159999999999999920e-02 3.918867000000000100e+00 -2.806666999999999842e-02
2.217999999999999972e-01 4.487000000000000016e-02 6.163199999999999790e-01 2.086667000000000069e-09 1.018999999999999906e+00 -6.934333000000000302e-01 -1.276666999999999941e-01 4.123999999999999888e-01 3.339266999999999985e+00 -3.873333000000000331e-02
3.180399999999999894e-01 4.807000000000000162e-02 7.443199999999999816e-01 2.366666999999999930e-09 9.866000000000000325e-01 1.849000000000000088e-01 -1.844999999999999973e+00 3.844000000000000195e-01 4.489266999999999896e+00 3.099999999999999978e-02
3.765999999999999903e-01 5.324999999999999872e-02 6.754132999999999942e-01 1.377332999999999963e-09 8.289999999999999591e-01 -8.959667000000000048e-01 -8.229999999999999538e-01 9.080000000000000571e-02 2.591000000000000192e+00 1.366667000000000055e-02
