# omega0 omegab hubble scalar_amp ns w0 wa mnu Neff alphas 
2.624734e-01 4.914362e-02 7.280319e-01 2.190071e-09 9.732713e-01 -7.739362e-01 5.718085e-02 9.470745e-02 2.460106e+00 -1.345745e-02 
3.184840e-01 4.831383e-02 6.429255e-01 1.882270e-09 9.559840e-01 -1.188830e+00 -2.779255e-01 6.550532e-02 3.035993e+00 1.430851e-02 
3.484840e-01 4.522872e-02 7.049823e-01 2.380142e-09 9.859486e-01 -9.739362e-01 -5.146277e-01 1.309309e-01 3.415780e+00 -7.712766e-03 
2.637500e-01 4.721809e-02 7.200532e-01 1.834043e-09 9.911791e-01 -1.018617e+00 -8.816489e-01 8.928191e-02 3.147695e+00 2.058511e-02 
3.199202e-01 5.002660e-02 6.466489e-01 2.346099e-09 9.781472e-01 -1.220745e+00 -1.928191e-01 1.446543e-01 2.628901e+00 5.585106e-03 
3.381117e-01 4.699468e-02 6.945213e-01 1.975887e-09 9.544770e-01 -8.994681e-01 1.688830e-01 9.151596e-02 3.659043e+00 -2.441489e-02 
2.805053e-01 5.016489e-02 6.416844e-01 1.984397e-09 9.838209e-01 -7.781915e-01 3.058511e-02 1.052394e-01 2.504787e+00 -9.202128e-03 
2.921543e-01 4.536702e-02 7.321099e-01 1.868085e-09 9.648493e-01 -1.039894e+00 -7.061170e-01 1.219947e-01 3.001241e+00 2.303191e-02 
3.470479e-01 4.725000e-02 6.872518e-01 2.384397e-09 9.789450e-01 -1.140957e+00 -4.454787e-01 6.949468e-02 3.448050e+00 -2.643617e-02 
2.651862e-01 4.770745e-02 6.739539e-01 1.987234e-09 9.580230e-01 -1.135638e+00 -4.055851e-01 1.374734e-01 3.341312e+00 2.856383e-02 
2.907181e-01 5.050532e-02 6.615426e-01 2.327660e-09 9.818706e-01 -8.388298e-01 -8.257979e-01 7.683511e-02 2.884574e+00 -2.218085e-02 
3.448138e-01 4.503723e-02 7.181028e-01 1.904965e-09 9.898493e-01 -9.047872e-01 1.582447e-01 9.438830e-02 2.718262e+00 3.882979e-03 
2.645479e-01 5.083511e-02 7.009043e-01 2.119149e-09 9.666223e-01 -9.845745e-01 7.845745e-02 6.566489e-02 3.284220e+00 -1.281915e-02 
2.961436e-01 4.510106e-02 7.275000e-01 2.252482e-09 9.925089e-01 -1.259043e+00 -7.513298e-01 1.229521e-01 2.844858e+00 -7.180851e-03 
3.390691e-01 4.818617e-02 6.494858e-01 1.794326e-09 9.710550e-01 -8.196809e-01 -4.587766e-01 1.162500e-01 2.623936e+00 2.143617e-02 
2.835372e-01 4.886702e-02 6.491312e-01 2.063830e-09 9.530585e-01 -7.505319e-01 3.470745e-01 1.119415e-01 2.690957e+00 6.914894e-04 
3.111436e-01 4.901596e-02 7.244858e-01 2.306383e-09 9.709663e-01 -1.270745e+00 -8.949468e-01 6.598404e-02 2.820035e+00 -1.196809e-02 
3.210372e-01 4.504787e-02 6.985993e-01 1.811348e-09 9.952571e-01 -1.082447e+00 -1.742021e-01 1.376330e-01 3.507624e+00 1.260638e-02 
2.655053e-01 4.773936e-02 6.400887e-01 2.194326e-09 9.528812e-01 -9.494681e-01 1.422872e-01 1.235904e-01 3.487766e+00 -9.734043e-03 
2.983777e-01 5.033511e-02 6.998404e-01 1.716312e-09 9.842642e-01 -1.246277e+00 -2.513298e-01 8.561170e-02 3.080674e+00 2.739362e-02 
3.475266e-01 4.692021e-02 7.118972e-01 2.473759e-09 9.728280e-01 -7.654255e-01 -5.704787e-01 9.710106e-02 2.748050e+00 -1.579787e-02 
2.671011e-01 4.916489e-02 6.808688e-01 2.468085e-09 9.719415e-01 -9.515957e-01 3.710106e-01 7.523936e-02 2.673582e+00 5.478723e-03 
3.127394e-01 4.768617e-02 7.269681e-01 1.804255e-09 9.957004e-01 -8.090426e-01 -4.960106e-01 1.285372e-01 3.155142e+00 2.601064e-02 
3.243883e-01 4.626064e-02 6.443440e-01 2.005674e-09 9.641401e-01 -1.255851e+00 -7.646277e-01 1.017287e-01 3.296631e+00 -1.675532e-02 
2.857713e-01 4.929255e-02 7.064007e-01 1.954610e-09 9.670656e-01 -8.569149e-01 -3.284574e-01 6.007979e-02 3.696277e+00 1.601064e-02 
3.053989e-01 4.851596e-02 6.533865e-01 2.253901e-09 9.891401e-01 -1.252660e+00 -7.859043e-01 1.181649e-01 2.829965e+00 -2.207447e-02 
3.253457e-01 4.512234e-02 7.163298e-01 1.980142e-09 9.574025e-01 -9.175532e-01 2.539894e-01 1.237500e-01 2.390603e+00 6.968085e-03 
2.774734e-01 4.971809e-02 7.227128e-01 2.086525e-09 9.933067e-01 -1.151596e+00 -6.156915e-01 1.263032e-01 3.629255e+00 9.734043e-03 
2.945479e-01 4.548404e-02 7.056915e-01 1.841135e-09 9.770833e-01 -7.601064e-01 8.111702e-02 8.417553e-02 2.534574e+00 2.909574e-02 
3.353989e-01 4.743085e-02 6.427482e-01 2.451064e-09 9.554521e-01 -1.097340e+00 -2.912234e-01 1.012500e-01 2.869681e+00 -1.632979e-02 
2.621543e-01 4.895213e-02 7.165071e-01 1.873759e-09 9.876330e-01 -8.292553e-01 1.329787e-03 1.023670e-01 2.373227e+00 1.867021e-02 
3.068351e-01 4.514362e-02 6.516135e-01 2.062411e-09 9.824911e-01 -9.441489e-01 -8.736702e-01 1.366755e-01 3.276773e+00 -1.771277e-02 
3.444947e-01 5.025000e-02 6.996631e-01 2.249645e-09 9.660018e-01 -1.297340e+00 -2.220745e-01 6.518617e-02 3.214716e+00 5.319149e-05 
2.769947e-01 4.937766e-02 7.074645e-01 2.043972e-09 9.547429e-01 -7.696809e-01 -1.396277e-01 1.302926e-01 3.621809e+00 -2.079787e-02 
3.002926e-01 4.509043e-02 7.010816e-01 1.941844e-09 9.995124e-01 -9.569149e-01 -7.220745e-01 1.194415e-01 2.678546e+00 1.377660e-02 
3.283777e-01 4.785638e-02 6.501950e-01 2.283688e-09 9.707890e-01 -1.240957e+00 3.337766e-01 6.215426e-02 3.011170e+00 -6.861702e-03 
2.750798e-01 4.525000e-02 6.775000e-01 2.269504e-09 9.696365e-01 -1.093085e+00 3.989362e-03 6.343085e-02 3.592021e+00 -7.287234e-03 
3.084309e-01 4.798404e-02 6.677482e-01 1.994326e-09 9.605053e-01 -7.015957e-01 -8.444149e-01 1.049202e-01 2.405496e+00 -1.303191e-02 
3.231117e-01 5.023936e-02 7.237766e-01 1.965957e-09 9.849734e-01 -1.289894e+00 -7.845745e-02 1.328457e-01 2.892021e+00 1.292553e-02 
2.640691e-01 4.710106e-02 6.407979e-01 1.808511e-09 9.856826e-01 -9.250000e-01 -2.672872e-01 1.347606e-01 3.023582e+00 4.202128e-03 
3.165691e-01 4.651596e-02 7.212943e-01 2.483688e-09 9.691046e-01 -1.280319e+00 2.792553e-02 1.108245e-01 2.641312e+00 -1.824468e-02 
3.492819e-01 4.955851e-02 7.025000e-01 1.978723e-09 9.658245e-01 -8.218085e-01 -5.492021e-01 6.422872e-02 3.418262e+00 2.122340e-02 
2.706117e-01 4.888830e-02 6.540957e-01 2.055319e-09 9.676862e-01 -8.547872e-01 -7.167553e-01 1.464096e-01 2.415426e+00 1.005319e-02 
2.990160e-01 4.515426e-02 7.314007e-01 1.744681e-09 9.589982e-01 -9.920213e-01 2.526596e-02 1.018883e-01 3.378546e+00 -8.138298e-03 
3.430585e-01 4.932447e-02 6.838830e-01 2.478014e-09 9.922429e-01 -1.223936e+00 -5.186170e-02 8.912234e-02 2.790248e+00 -1.122340e-02 
2.661436e-01 4.518617e-02 7.104787e-01 2.144681e-09 9.529699e-01 -1.053723e+00 3.324468e-02 1.033245e-01 2.487411e+00 -6.223404e-03 
2.955053e-01 5.035638e-02 6.732447e-01 2.358865e-09 9.816046e-01 -1.275000e+00 -2.885638e-01 7.667553e-02 3.544858e+00 1.164894e-02 
3.363564e-01 4.835638e-02 6.977128e-01 1.914894e-09 9.965869e-01 -7.473404e-01 -8.151596e-01 1.304521e-01 2.882092e+00 -1.547872e-02 
2.800266e-01 4.882447e-02 6.780319e-01 1.703546e-09 9.540337e-01 -1.215426e+00 2.114362e-01 7.093085e-02 3.093085e+00 -3.670213e-03 
3.148138e-01 4.902660e-02 6.572872e-01 2.123404e-09 9.817819e-01 -8.079787e-01 -7.593085e-01 1.239096e-01 3.681383e+00 -2.718085e-02 
3.251862e-01 4.588830e-02 7.133156e-01 2.323404e-09 9.853280e-01 -9.260638e-01 -1.821809e-01 1.188032e-01 2.554433e+00 2.962766e-02 
2.894415e-01 4.662234e-02 6.948759e-01 2.463830e-09 9.672429e-01 -1.001596e+00 4.454787e-01 1.267819e-01 2.484929e+00 1.579787e-02 
3.014096e-01 4.906915e-02 7.388475e-01 1.900709e-09 9.841755e-01 -1.257979e+00 -9.348404e-01 9.215426e-02 3.152660e+00 -4.787234e-04 
3.368351e-01 4.784574e-02 6.420390e-01 1.988652e-09 9.602394e-01 -7.718085e-01 -4.507979e-01 8.992021e-02 3.291667e+00 -2.164894e-02 
2.677394e-01 4.734574e-02 6.946986e-01 2.364539e-09 9.878989e-01 -1.229255e+00 -1.728723e-02 1.082713e-01 3.460461e+00 2.271277e-02 
2.916755e-01 4.627128e-02 7.319326e-01 1.974468e-09 9.527039e-01 -9.579787e-01 -7.327128e-01 1.421011e-01 2.601596e+00 -1.930851e-02 
3.334840e-01 5.057979e-02 6.707624e-01 1.865248e-09 9.673316e-01 -7.877660e-01 1.263298e-01 6.789894e-02 3.175000e+00 -7.925532e-03 
2.808245e-01 5.077128e-02 7.340603e-01 1.926241e-09 9.683954e-01 -7.888298e-01 -3.949468e-01 1.369947e-01 2.606560e+00 -6.436170e-03 
3.160904e-01 4.575000e-02 6.964716e-01 2.000000e-09 9.970301e-01 -1.171809e+00 -8.710106e-01 8.114362e-02 3.373582e+00 -1.686170e-02 
3.200798e-01 4.771809e-02 6.473582e-01 2.419858e-09 9.567819e-01 -1.011170e+00 3.896277e-01 9.263298e-02 2.852305e+00 2.154255e-02 
2.789096e-01 4.531383e-02 7.218262e-01 2.428369e-09 9.718528e-01 -8.803191e-01 -6.396277e-01 1.022074e-01 3.050887e+00 2.218085e-02 
3.018883e-01 4.800532e-02 6.512589e-01 1.720567e-09 9.504876e-01 -1.107979e+00 -2.380319e-01 1.280585e-01 2.546986e+00 3.723404e-04 
3.296543e-01 4.984574e-02 6.853014e-01 2.133333e-09 9.964096e-01 -1.048404e+00 1.023936e-01 7.763298e-02 3.443085e+00 -2.675532e-02 
2.765160e-01 4.788830e-02 7.207624e-01 1.862411e-09 9.930408e-01 -1.205851e+00 -5.305851e-01 1.427394e-01 2.800177e+00 1.239362e-02 
3.100266e-01 4.586702e-02 6.411525e-01 2.370213e-09 9.686613e-01 -9.877660e-01 -3.098404e-01 1.114628e-01 3.691312e+00 -1.643617e-02 
3.208777e-01 5.000532e-02 7.016135e-01 2.107801e-09 9.593528e-01 -7.303191e-01 7.579787e-02 7.715426e-02 2.375709e+00 -3.776596e-03 
2.862500e-01 4.578191e-02 7.379610e-01 2.330496e-09 9.784131e-01 -8.313830e-01 1.728723e-02 1.133777e-01 3.234574e+00 -2.398936e-02 
2.926330e-01 5.088830e-02 6.413298e-01 1.927660e-09 9.603280e-01 -9.952128e-01 -1.582447e-01 1.468883e-01 3.090603e+00 5.797872e-03 
3.357181e-01 4.825000e-02 6.911525e-01 2.173050e-09 9.886968e-01 -1.206915e+00 -7.460106e-01 6.805851e-02 2.475000e+00 2.069149e-02 
2.667819e-01 4.698404e-02 7.235993e-01 2.392908e-09 9.963209e-01 -7.664894e-01 -3.763298e-01 1.245479e-01 2.874645e+00 7.606383e-03 
3.063564e-01 5.027128e-02 6.955851e-01 1.721986e-09 9.539450e-01 -1.156915e+00 -7.672872e-01 9.646277e-02 3.351241e+00 1.250000e-02 
3.405053e-01 4.726064e-02 6.645567e-01 2.175887e-09 9.738918e-01 -1.009043e+00 2.699468e-01 8.385638e-02 2.465071e+00 -2.824468e-02 
2.643883e-01 4.722872e-02 6.961170e-01 2.492199e-09 9.646720e-01 -1.013298e+00 6.515957e-02 1.365160e-01 3.326418e+00 -1.452128e-02 
3.146543e-01 5.005851e-02 6.517908e-01 2.219858e-09 9.882535e-01 -8.813830e-01 -5.452128e-02 8.577128e-02 2.323582e+00 2.292553e-02 
3.414628e-01 4.663298e-02 7.170390e-01 1.778723e-09 9.668883e-01 -1.282447e+00 -7.752660e-01 1.063564e-01 3.038475e+00 4.308511e-03 
2.787500e-01 4.865426e-02 7.081738e-01 1.727660e-09 9.713209e-01 -1.244149e+00 -4.534574e-01 6.023936e-02 2.561879e+00 -2.393617e-03 
3.170479e-01 4.994149e-02 6.626064e-01 2.141844e-09 9.645833e-01 -8.281915e-01 -7.805851e-01 1.358777e-01 3.219681e+00 2.920213e-02 
3.235904e-01 4.555851e-02 6.798050e-01 2.446809e-09 9.927748e-01 -1.094149e+00 2.832447e-01 9.789894e-02 3.430674e+00 -1.728723e-02 
2.611968e-01 4.838830e-02 6.789184e-01 1.770213e-09 9.779699e-01 -1.139894e+00 -3.125000e-01 1.293351e-01 2.559397e+00 -1.941489e-02 
3.122606e-01 4.947340e-02 6.656206e-01 2.260993e-09 9.586436e-01 -7.452128e-01 2.034574e-01 1.039628e-01 3.574645e+00 1.526596e-02 
3.452926e-01 4.568617e-02 7.259043e-01 2.231206e-09 9.865691e-01 -1.081383e+00 -9.295213e-01 8.050532e-02 2.904433e+00 6.223404e-03 
2.615160e-01 4.915426e-02 6.803369e-01 2.385816e-09 9.895833e-01 -1.078191e+00 -9.029255e-01 1.100266e-01 3.457979e+00 -1.505319e-02 
2.910372e-01 4.781383e-02 7.267908e-01 2.014184e-09 9.538564e-01 -8.920213e-01 -1.555851e-01 1.416223e-01 2.663652e+00 2.781915e-02 
3.376330e-01 4.687766e-02 6.406206e-01 1.731915e-09 9.771720e-01 -1.120745e+00 1.476064e-01 8.162234e-02 3.008688e+00 -5.478723e-03 
2.725266e-01 4.943085e-02 6.404433e-01 1.848227e-09 9.684840e-01 -1.099468e+00 -5.279255e-01 9.231383e-02 3.567199e+00 -5.319149e-05 
3.173670e-01 4.638830e-02 6.923936e-01 2.375887e-09 9.954344e-01 -7.356383e-01 2.433511e-01 8.672872e-02 2.825000e+00 -2.196809e-02 
3.344415e-01 4.764362e-02 7.285638e-01 2.012766e-09 9.636968e-01 -1.230319e+00 -1.688830e-01 1.240691e-01 2.318617e+00 2.398936e-02 
2.781117e-01 4.701596e-02 7.014362e-01 1.981560e-09 9.701684e-01 -1.167553e+00 3.311170e-01 7.970745e-02 2.335993e+00 1.941489e-02 
2.996543e-01 4.634574e-02 6.571099e-01 1.751773e-09 9.920656e-01 -7.026596e-01 -7.194149e-01 1.135372e-01 3.115426e+00 -9.840426e-03 
3.416223e-01 4.992021e-02 7.152660e-01 2.458156e-09 9.642287e-01 -1.016489e+00 -3.577128e-01 1.221543e-01 3.254433e+00 -1.324468e-02 
2.844947e-01 4.607979e-02 7.381383e-01 2.441135e-09 9.902039e-01 -1.030319e+00 1.795213e-01 9.103723e-02 2.797695e+00 1.090426e-02 
3.025266e-01 4.713298e-02 6.464716e-01 1.756028e-09 9.649379e-01 -1.248404e+00 -5.718085e-02 1.397074e-01 3.321454e+00 -1.132979e-02 
3.387500e-01 5.084574e-02 6.847695e-01 2.022695e-09 9.755762e-01 -8.462766e-01 -9.933511e-01 8.944149e-02 2.457624e+00 -3.723404e-04 
2.686968e-01 4.561170e-02 6.735993e-01 2.238298e-09 9.822252e-01 -1.209043e+00 -9.880319e-01 7.029255e-02 2.787766e+00 -2.659574e-04 
2.940691e-01 4.748404e-02 7.365426e-01 1.885106e-09 9.837323e-01 -9.707447e-01 4.920213e-02 1.411436e-01 3.582092e+00 -2.420213e-02 
3.497606e-01 5.061170e-02 6.654433e-01 2.161702e-09 9.564273e-01 -8.888298e-01 -2.007979e-01 9.566489e-02 2.743085e+00 1.494681e-02 
2.600798e-01 4.592021e-02 7.134929e-01 1.758865e-09 9.791223e-01 -1.067553e+00 3.178191e-01 1.275798e-01 3.053369e+00 -1.069149e-02 
3.089096e-01 4.772872e-02 6.991312e-01 2.374468e-09 9.569592e-01 -7.196809e-01 -9.561170e-01 1.074734e-01 3.311525e+00 1.696809e-02 
3.374734e-01 4.963298e-02 6.459397e-01 2.059574e-09 9.931294e-01 -1.143085e+00 -3.869681e-01 7.364362e-02 2.539539e+00 -9.308511e-03 
2.771543e-01 4.642021e-02 6.728901e-01 2.112057e-09 9.996011e-01 -7.335106e-01 2.247340e-01 9.773936e-02 2.839894e+00 2.393617e-03 
2.935904e-01 5.007979e-02 6.895567e-01 2.356028e-09 9.699025e-01 -1.266489e+00 -5.119681e-01 1.278989e-01 3.554787e+00 -2.313830e-02 
3.347606e-01 4.810106e-02 7.195213e-01 1.879433e-09 9.510195e-01 -1.004787e+00 -3.630319e-01 6.726064e-02 2.651241e+00 1.856383e-02 
2.629521e-01 4.897340e-02 6.445213e-01 2.255319e-09 9.845301e-01 -1.071809e+00 -5.359043e-01 9.007979e-02 2.383156e+00 2.819149e-03 
3.149734e-01 4.964362e-02 6.835284e-01 1.897872e-09 9.521720e-01 -1.173936e+00 1.236702e-01 1.368351e-01 3.549823e+00 2.005319e-02 
3.393883e-01 4.533511e-02 7.069326e-01 1.967376e-09 9.687500e-01 -7.250000e-01 -2.114362e-01 8.497340e-02 2.832447e+00 -2.356383e-02 
2.897606e-01 4.883511e-02 6.962943e-01 2.246809e-09 9.899379e-01 -1.264362e+00 1.555851e-01 1.473670e-01 2.388121e+00 -3.457447e-03 
3.034840e-01 5.064362e-02 7.335284e-01 1.909220e-09 9.511968e-01 -8.452128e-01 -4.654255e-02 9.486702e-02 3.306560e+00 1.101064e-02 
3.398670e-01 4.566489e-02 6.425709e-01 2.058156e-09 9.757535e-01 -9.696809e-01 -6.289894e-01 6.757979e-02 2.807624e+00 -1.696809e-02 
2.605585e-01 4.750532e-02 7.088830e-01 2.371631e-09 9.511082e-01 -1.054787e+00 -3.390957e-01 8.146277e-02 3.165071e+00 -1.845745e-02 
2.972606e-01 5.079255e-02 6.530319e-01 1.893617e-09 9.947252e-01 -8.675532e-01 -6.236702e-01 1.266223e-01 3.261879e+00 2.659574e-04 
3.441755e-01 4.664362e-02 6.833511e-01 2.004255e-09 9.722961e-01 -1.232447e+00 4.082447e-01 9.039894e-02 2.437766e+00 1.728723e-02 
2.832181e-01 4.997340e-02 6.856560e-01 2.259574e-09 9.783245e-01 -7.420213e-01 3.390957e-01 1.184840e-01 2.326064e+00 1.909574e-02 
2.950266e-01 4.819681e-02 7.376064e-01 1.782979e-09 9.575798e-01 -9.484043e-01 -7.726064e-01 1.207181e-01 3.512589e+00 -1.441489e-02 
3.342819e-01 4.526064e-02 6.537411e-01 2.093617e-09 9.924202e-01 -1.273936e+00 -4.986702e-01 8.545213e-02 2.775355e+00 3.138298e-03 
2.602394e-01 4.985638e-02 6.778546e-01 2.024113e-09 9.879876e-01 -1.277128e+00 -4.906915e-01 8.353723e-02 3.100532e+00 -1.537234e-02 
2.971011e-01 4.527128e-02 6.565780e-01 2.324823e-09 9.756649e-01 -7.484043e-01 1.928191e-01 1.149734e-01 3.251950e+00 1.803191e-02 
3.496011e-01 4.892021e-02 7.310461e-01 1.919149e-09 9.552748e-01 -1.012234e+00 -6.050532e-01 1.282181e-01 2.725709e+00 5.691489e-03 
2.634309e-01 4.702660e-02 6.562234e-01 2.019858e-09 9.652926e-01 -1.293085e+00 -6.502660e-01 1.117819e-01 2.614007e+00 1.026596e-02 
2.963032e-01 4.635638e-02 6.840603e-01 2.278014e-09 9.932181e-01 -7.835106e-01 1.901596e-01 1.361968e-01 3.539894e+00 -1.569149e-02 
3.491223e-01 4.944149e-02 7.182801e-01 1.709220e-09 9.711436e-01 -1.079255e+00 -4.188830e-01 7.268617e-02 3.222163e+00 -9.414894e-03 
2.760372e-01 4.961170e-02 7.234220e-01 2.401418e-09 9.568706e-01 -1.178191e+00 -3.843085e-01 9.949468e-02 3.510106e+00 1.132979e-02 
3.101862e-01 4.550532e-02 6.439894e-01 2.208511e-09 9.860372e-01 -1.026064e+00 2.167553e-01 1.462500e-01 2.599113e+00 6.329787e-03 
3.373138e-01 4.749468e-02 6.982447e-01 1.763121e-09 9.769060e-01 -8.441489e-01 -9.534574e-01 7.396277e-02 2.785284e+00 -1.622340e-02 
2.795479e-01 4.799468e-02 7.345922e-01 1.971631e-09 9.722074e-01 -7.313830e-01 -8.018617e-01 8.640957e-02 2.735638e+00 1.388298e-02 
2.982181e-01 4.520745e-02 6.769681e-01 2.431206e-09 9.577571e-01 -1.056915e+00 2.327128e-01 9.454787e-02 2.978901e+00 -2.664894e-02 
3.427394e-01 5.080319e-02 6.549823e-01 1.933333e-09 9.834663e-01 -1.153723e+00 -1.848404e-01 1.350798e-01 3.266844e+00 8.776596e-03 
2.843351e-01 4.951596e-02 7.078191e-01 2.496454e-09 9.929521e-01 -1.037766e+00 1.662234e-01 1.393883e-01 3.045922e+00 9.095745e-03 
2.947074e-01 4.822872e-02 6.682801e-01 1.710638e-09 9.736259e-01 -8.962766e-01 -3.896277e-01 9.199468e-02 3.428191e+00 -2.952128e-02 
3.499202e-01 4.595213e-02 6.829965e-01 2.096454e-09 9.625443e-01 -1.149468e+00 -5.252660e-01 8.688830e-02 2.753014e+00 2.803191e-02 
2.704521e-01 4.736702e-02 6.668617e-01 2.476596e-09 9.543883e-01 -9.973404e-01 -1.476064e-01 8.768617e-02 3.353723e+00 2.175532e-02 
2.913564e-01 5.073936e-02 6.918617e-01 1.970213e-09 9.883422e-01 -1.234574e+00 1.210106e-01 1.009309e-01 2.447695e+00 -2.367021e-02 
3.489628e-01 4.513298e-02 7.147340e-01 1.814184e-09 9.788564e-01 -8.835106e-01 -6.875000e-01 1.288564e-01 3.003723e+00 6.648936e-03 
2.880053e-01 4.519681e-02 6.773227e-01 1.982979e-09 9.813387e-01 -1.290957e+00 1.994681e-02 1.301330e-01 2.795213e+00 -1.473404e-02 
3.130585e-01 4.863298e-02 6.657979e-01 1.740426e-09 9.518174e-01 -8.143617e-01 -7.433511e-01 7.539894e-02 3.517553e+00 3.670213e-03 
3.403457e-01 5.081383e-02 7.172163e-01 2.378723e-09 9.919770e-01 -9.122340e-01 -3.470745e-01 1.191223e-01 2.695922e+00 1.228723e-02 
2.849734e-01 4.786702e-02 6.734220e-01 1.798582e-09 9.870124e-01 -9.611702e-01 4.880319e-01 1.331649e-01 2.427837e+00 5.159574e-03 
2.951862e-01 4.979255e-02 6.640248e-01 2.434043e-09 9.761082e-01 -8.186170e-01 -6.263298e-01 7.460106e-02 3.408333e+00 2.132979e-02 
3.494415e-01 4.671809e-02 7.384929e-01 2.124823e-09 9.590869e-01 -1.169681e+00 -2.406915e-01 9.135638e-02 3.018617e+00 -1.601064e-02 
2.653457e-01 5.037766e-02 7.085284e-01 2.198582e-09 9.537677e-01 -7.771277e-01 -6.742021e-01 1.026862e-01 3.256915e+00 9.946809e-03 
3.116223e-01 4.756915e-02 6.702305e-01 2.273759e-09 9.703457e-01 -1.187766e+00 4.401596e-01 1.440160e-01 2.906915e+00 -2.984043e-02 
3.288564e-01 4.577128e-02 6.744858e-01 1.836879e-09 9.885195e-01 -9.164894e-01 -4.667553e-01 6.486702e-02 2.512234e+00 1.303191e-02 
2.685372e-01 4.847340e-02 7.173936e-01 2.452482e-09 9.890514e-01 -1.115426e+00 -6.981383e-01 6.901596e-02 2.959043e+00 1.345745e-02 
2.915160e-01 5.063298e-02 6.595922e-01 1.831206e-09 9.620124e-01 -9.930851e-01 4.507979e-01 9.805851e-02 3.515071e+00 -2.074468e-03 
3.406649e-01 4.656915e-02 6.828191e-01 2.078014e-09 9.729167e-01 -8.654255e-01 -4.162234e-01 1.483245e-01 2.395567e+00 -1.005319e-02 
2.851330e-01 4.779255e-02 6.581738e-01 2.289362e-09 9.536791e-01 -7.590426e-01 -1.289894e-01 1.459309e-01 3.006206e+00 2.186170e-02 
2.919947e-01 4.948404e-02 7.241312e-01 2.100709e-09 9.866578e-01 -9.824468e-01 -9.215426e-01 7.109043e-02 2.370745e+00 -6.329787e-03 
3.272606e-01 4.523936e-02 6.764362e-01 1.958865e-09 9.744238e-01 -1.267553e+00 1.848404e-01 9.518617e-02 3.534929e+00 -2.026596e-02 
2.738032e-01 4.604787e-02 7.264362e-01 2.139007e-09 9.760195e-01 -8.867021e-01 -6.954787e-01 7.428191e-02 3.634220e+00 -6.755319e-03 
3.140160e-01 5.056915e-02 6.897340e-01 2.485106e-09 9.623670e-01 -9.643617e-01 -1.196809e-02 1.298138e-01 2.683511e+00 2.675532e-02 
3.223138e-01 4.877128e-02 6.514362e-01 1.736170e-09 9.943706e-01 -1.121809e+00 2.260638e-02 1.199202e-01 2.914362e+00 -2.611702e-02 
2.797074e-01 4.954787e-02 7.142021e-01 1.761702e-09 9.634309e-01 -9.962766e-01 -9.960106e-01 1.312500e-01 2.867199e+00 1.611702e-02 
3.081117e-01 4.530319e-02 7.028546e-01 2.302128e-09 9.839096e-01 -1.228191e+00 -2.486702e-01 6.454787e-02 2.430319e+00 -4.946809e-03 
3.438564e-01 4.868617e-02 6.720035e-01 2.143262e-09 9.785904e-01 -7.164894e-01 4.375000e-01 1.167287e-01 3.366135e+00 -1.590426e-02 
2.683777e-01 4.998404e-02 7.083511e-01 1.895035e-09 9.704344e-01 -1.181383e+00 7.047872e-02 1.144947e-01 3.666489e+00 -1.952128e-02 
2.923138e-01 4.757979e-02 6.783865e-01 2.075177e-09 9.869238e-01 -1.096277e+00 -9.773936e-01 1.258245e-01 2.321099e+00 2.643617e-02 
3.395479e-01 4.594149e-02 6.663298e-01 2.307801e-09 9.566046e-01 -7.994681e-01 -6.648936e-03 6.917553e-02 2.973936e+00 -9.627660e-03 
2.642287e-01 4.552660e-02 6.636702e-01 1.947518e-09 9.725621e-01 -8.632979e-01 -3.710106e-01 6.167553e-02 2.968972e+00 -8.882979e-03 
3.050798e-01 4.977128e-02 7.344149e-01 2.234043e-09 9.847074e-01 -9.186170e-01 1.316489e-01 1.116223e-01 3.363652e+00 2.930851e-02 
3.421011e-01 4.860106e-02 6.821099e-01 2.053901e-09 9.637855e-01 -1.288830e+00 -5.199468e-01 1.377926e-01 2.492376e+00 -2.015957e-02 
2.690160e-01 4.811170e-02 7.361879e-01 2.268085e-09 9.785018e-01 -1.227128e+00 1.462766e-02 7.476064e-02 3.527482e+00 -4.734043e-03 
2.991755e-01 5.066489e-02 6.755496e-01 1.951773e-09 9.566933e-01 -8.707447e-01 -2.194149e-01 1.251862e-01 2.353369e+00 -2.537234e-02 
3.310904e-01 4.643085e-02 6.485993e-01 2.031206e-09 9.956117e-01 -9.207447e-01 -7.007979e-01 1.058777e-01 3.048404e+00 2.664894e-02 
2.848138e-01 4.807979e-02 7.106560e-01 2.303546e-09 9.997784e-01 -7.941489e-01 -6.077128e-01 9.662234e-02 3.244504e+00 -2.558511e-02 
3.114628e-01 4.500532e-02 6.865426e-01 2.046809e-09 9.500443e-01 -1.088830e+00 -4.295213e-01 1.465691e-01 3.189894e+00 2.074468e-03 
3.213564e-01 5.019681e-02 6.696986e-01 1.802837e-09 9.758422e-01 -1.137766e+00 8.909574e-02 7.332447e-02 2.403014e+00 1.281915e-02 
2.728457e-01 4.780319e-02 7.030319e-01 2.110638e-09 9.545656e-01 -8.601064e-01 9.973404e-02 1.476862e-01 2.589184e+00 -1.973404e-02 
3.090691e-01 4.660106e-02 7.354787e-01 2.470922e-09 9.980940e-01 -1.163298e+00 -3.976064e-01 1.095479e-01 3.413298e+00 1.473404e-02 
3.259840e-01 4.966489e-02 6.441667e-01 1.757447e-09 9.778812e-01 -1.020745e+00 -7.619681e-01 6.965426e-02 3.132801e+00 -7.074468e-03 
2.776330e-01 4.648404e-02 6.478901e-01 1.968794e-09 9.628103e-01 -8.739362e-01 -3.045213e-01 1.401862e-01 2.782801e+00 -2.750000e-02 
2.964628e-01 5.031383e-02 6.819326e-01 1.939007e-09 9.894060e-01 -1.085638e+00 -9.481383e-01 7.444149e-02 3.532447e+00 1.739362e-02 
3.488032e-01 4.728191e-02 7.175709e-01 2.439716e-09 9.804521e-01 -1.154787e+00 4.800532e-01 1.050798e-01 2.757979e+00 9.308511e-03 
2.699734e-01 4.622872e-02 6.939894e-01 1.809929e-09 9.939273e-01 -1.146277e+00 -3.071809e-01 6.295213e-02 3.314007e+00 -6.117021e-03 
3.168883e-01 4.890957e-02 7.392021e-01 2.469504e-09 9.702571e-01 -8.526596e-01 -5.625000e-01 1.015691e-01 2.745567e+00 2.952128e-02 
3.299734e-01 4.900532e-02 6.539184e-01 2.032624e-09 9.519060e-01 -1.005851e+00 9.308511e-03 1.373138e-01 3.063298e+00 -2.888298e-02 
2.648670e-01 4.613298e-02 6.975355e-01 1.855319e-09 9.902926e-01 -1.040957e+00 -8.417553e-01 1.066755e-01 3.055851e+00 -2.526596e-02 
3.157713e-01 4.934574e-02 7.095922e-01 2.026950e-09 9.764628e-01 -1.172872e+00 3.284574e-01 7.731383e-02 3.671454e+00 1.845745e-02 
3.285372e-01 4.871809e-02 6.590603e-01 2.422695e-09 9.644060e-01 -7.047872e-01 -7.579787e-02 1.200798e-01 2.522163e+00 -5.159574e-03 
2.777926e-01 4.833511e-02 6.902660e-01 2.448227e-09 9.635195e-01 -8.175532e-01 2.513298e-01 6.885638e-02 3.644149e+00 -1.755319e-03 
2.918351e-01 4.542021e-02 6.681028e-01 1.775887e-09 9.724734e-01 -1.131383e+00 -1.795213e-01 1.253457e-01 2.681028e+00 2.622340e-02 
3.355585e-01 5.096277e-02 7.179255e-01 1.977305e-09 9.894947e-01 -1.062234e+00 -6.635638e-01 1.085904e-01 2.802660e+00 -2.186170e-02 
2.811436e-01 4.793085e-02 6.418617e-01 2.285106e-09 9.508422e-01 -1.033511e+00 -7.273936e-01 8.226064e-02 2.688475e+00 5.904255e-03 
2.924734e-01 4.507979e-02 7.253723e-01 2.148936e-09 9.874557e-01 -1.175000e+00 -2.140957e-01 1.076330e-01 3.688830e+00 -1.462766e-02 
3.326862e-01 5.017553e-02 6.973582e-01 1.726241e-09 9.730053e-01 -7.930851e-01 1.289894e-01 1.290160e-01 3.182447e+00 1.888298e-02 
2.664628e-01 5.036702e-02 6.801596e-01 1.960284e-09 9.588209e-01 -1.055851e+00 2.965426e-01 9.390957e-02 2.360816e+00 -8.031915e-03 
3.061968e-01 4.529255e-02 6.556915e-01 2.052482e-09 9.904699e-01 -8.239362e-01 -4.122340e-02 8.066489e-02 3.559752e+00 -1.867021e-02 
3.400266e-01 4.716489e-02 7.347695e-01 2.256738e-09 9.782358e-01 -1.203723e+00 -6.369681e-01 1.392287e-01 2.934220e+00 1.398936e-02 
2.821011e-01 4.562234e-02 7.138475e-01 2.106383e-09 9.631649e-01 -1.299468e+00 1.768617e-01 1.079521e-01 3.095567e+00 1.569149e-02 
3.175266e-01 5.078191e-02 6.649113e-01 2.339007e-09 9.780585e-01 -1.019681e+00 -3.231383e-01 1.256649e-01 2.328546e+00 -2.601064e-02 
3.301330e-01 4.776064e-02 6.751950e-01 1.892199e-09 9.881649e-01 -7.494681e-01 -8.976064e-01 7.843085e-02 3.589539e+00 6.755319e-03 
2.860904e-01 5.038830e-02 6.666844e-01 2.029787e-09 9.816933e-01 -1.272872e+00 -6.343085e-01 1.323670e-01 3.274291e+00 1.973404e-02 
2.948670e-01 4.738830e-02 6.787411e-01 1.876596e-09 9.509309e-01 -7.632979e-01 1.183511e-01 6.502660e-02 3.194858e+00 -8.776596e-03 
3.304521e-01 4.565426e-02 7.283865e-01 2.343262e-09 9.958777e-01 -9.909574e-01 -3.523936e-01 1.132181e-01 2.477482e+00 -1.888298e-02 
2.816223e-01 4.777128e-02 6.860106e-01 2.235461e-09 9.505762e-01 -1.279255e+00 -4.082447e-01 1.296543e-01 2.671099e+00 -2.239362e-02 
2.953457e-01 4.967553e-02 6.489539e-01 1.995745e-09 9.988032e-01 -9.505319e-01 2.885638e-01 6.311170e-02 2.837411e+00 1.755319e-03 
3.269415e-01 4.661170e-02 7.367199e-01 1.963121e-09 9.667996e-01 -7.367021e-01 -5.465426e-01 9.917553e-02 3.596986e+00 1.792553e-02 
2.619947e-01 5.049468e-02 6.634929e-01 2.245390e-09 9.747784e-01 -9.728723e-01 5.984043e-02 1.216755e-01 3.239539e+00 2.515957e-02 
2.966223e-01 4.571809e-02 6.916844e-01 1.907801e-09 9.546543e-01 -8.505319e-01 -8.550532e-01 1.031649e-01 3.184929e+00 -2.505319e-02 
3.358777e-01 4.812234e-02 7.363652e-01 2.113475e-09 9.917110e-01 -1.226064e+00 -9.308511e-03 6.997340e-02 2.705851e+00 -1.223404e-03 
2.626330e-01 4.639894e-02 7.072872e-01 2.007092e-09 9.777039e-01 -7.824468e-01 -9.082447e-01 1.322074e-01 3.383511e+00 -2.287234e-03 
3.049202e-01 4.752660e-02 6.934574e-01 1.835461e-09 9.644947e-01 -1.185638e+00 3.603723e-01 1.124202e-01 2.303723e+00 -2.377660e-02 
3.432181e-01 4.972872e-02 6.709397e-01 2.334752e-09 9.863918e-01 -1.017553e+00 -2.539894e-01 7.619681e-02 3.140248e+00 2.792553e-02 
2.658245e-01 4.845213e-02 7.358333e-01 2.180142e-09 9.750443e-01 -1.068617e+00 -6.103723e-01 1.326862e-01 3.160106e+00 -2.515957e-02 
2.927926e-01 4.606915e-02 6.748404e-01 2.310638e-09 9.609486e-01 -1.152660e+00 -3.922872e-01 6.438830e-02 2.571809e+00 2.867021e-02 
3.435372e-01 4.936702e-02 6.498404e-01 1.906383e-09 9.973848e-01 -8.930851e-01 1.369681e-01 9.678191e-02 3.318972e+00 3.989362e-03 
2.755585e-01 5.022872e-02 6.510816e-01 2.241135e-09 9.563387e-01 -1.092021e+00 -4.002660e-01 9.598404e-02 2.986348e+00 -2.707447e-02 
3.057181e-01 4.559043e-02 6.879610e-01 2.127660e-09 9.908245e-01 -1.157979e+00 -6.316489e-01 6.710106e-02 3.323936e+00 2.473404e-02 
3.419415e-01 4.828191e-02 7.296277e-01 1.863830e-09 9.730940e-01 -8.792553e-01 2.805851e-01 1.406649e-01 2.710816e+00 -4.202128e-03 
2.731649e-01 5.039894e-02 6.870745e-01 1.734752e-09 9.987145e-01 -1.065426e+00 -4.933511e-01 8.720745e-02 2.566844e+00 1.223404e-03 
3.085904e-01 4.801596e-02 7.273227e-01 2.391489e-09 9.753989e-01 -1.179255e+00 3.098404e-01 1.248670e-01 3.547340e+00 -1.015957e-02 
3.237500e-01 4.551596e-02 6.544504e-01 2.021277e-09 9.555408e-01 -7.984043e-01 -8.071809e-01 9.614362e-02 2.991312e+00 1.271277e-02 
2.656649e-01 4.695213e-02 6.585284e-01 2.205674e-09 9.918883e-01 -9.941489e-01 3.125000e-01 1.291755e-01 2.951596e+00 2.835106e-02 
2.937500e-01 4.703723e-02 7.255496e-01 1.801418e-09 9.595301e-01 -8.409574e-01 -3.018617e-01 6.630319e-02 2.564362e+00 -1.398936e-02 
3.382713e-01 4.910106e-02 6.868972e-01 2.276596e-09 9.682181e-01 -1.292021e+00 -9.720745e-01 1.138564e-01 3.569681e+00 2.606383e-03 
2.809840e-01 4.869681e-02 6.647340e-01 2.270922e-09 9.654699e-01 -7.122340e-01 -3.178191e-01 6.837766e-02 2.497340e+00 1.824468e-02 
2.994947e-01 5.004787e-02 6.845922e-01 1.774468e-09 9.683067e-01 -1.269681e+00 -5.944149e-01 9.311170e-02 3.388475e+00 -2.739362e-02 
3.239096e-01 4.573936e-02 7.184574e-01 2.218440e-09 9.984486e-01 -1.043085e+00 2.619681e-01 1.428989e-01 2.961525e+00 2.500000e-03 
2.753989e-01 4.983511e-02 6.938121e-01 1.700709e-09 9.621897e-01 -9.356383e-01 2.140957e-01 1.408245e-01 2.988830e+00 -1.356383e-02 
2.932713e-01 4.517553e-02 6.519681e-01 2.381560e-09 9.705230e-01 -7.792553e-01 -6.555851e-01 8.864362e-02 2.569326e+00 -3.989362e-03 
3.446543e-01 4.816489e-02 7.120745e-01 2.049645e-09 9.972961e-01 -1.166489e+00 -2.965426e-01 9.869681e-02 3.385993e+00 2.750000e-02 
2.758777e-01 4.715426e-02 7.191667e-01 2.015603e-09 9.503989e-01 -1.253723e+00 -5.731383e-01 1.315691e-01 3.505142e+00 -1.861702e-03 
2.993351e-01 4.938830e-02 7.032092e-01 2.292199e-09 9.825798e-01 -1.029255e+00 -8.111702e-02 6.071809e-02 2.350887e+00 -2.303191e-02 
3.205585e-01 4.569681e-02 6.606560e-01 1.817021e-09 9.914450e-01 -8.345745e-01 2.726064e-01 1.180053e-01 2.896986e+00 2.696809e-02 
2.639096e-01 4.904787e-02 7.071099e-01 2.153191e-09 9.576684e-01 -8.250000e-01 -7.965426e-01 1.073138e-01 2.685993e+00 -2.494681e-02 
3.015691e-01 4.849468e-02 7.053369e-01 1.760284e-09 9.753103e-01 -9.675532e-01 4.667553e-01 6.869681e-02 2.926773e+00 2.984043e-02 
3.256649e-01 4.694149e-02 6.627837e-01 2.290780e-09 9.979167e-01 -1.239894e+00 -4.401596e-01 1.274202e-01 3.522518e+00 -4.840426e-03 
2.886436e-01 4.842021e-02 6.558688e-01 2.184397e-09 9.656472e-01 -8.845745e-01 4.321809e-01 7.236702e-02 2.949113e+00 -2.877660e-02 
2.967819e-01 4.625000e-02 7.248404e-01 2.424113e-09 9.693706e-01 -1.128191e+00 -8.337766e-01 1.330053e-01 3.529965e+00 -2.925532e-03 
3.369947e-01 4.909043e-02 6.792730e-01 1.737589e-09 9.999557e-01 -1.051596e+00 -4.853723e-01 1.020479e-01 2.638830e+00 1.367021e-02 
2.838564e-01 4.696277e-02 7.000177e-01 1.733333e-09 9.748670e-01 -1.263298e+00 -8.909574e-02 1.250266e-01 3.649113e+00 1.037234e-02 
3.066755e-01 4.740957e-02 6.484220e-01 2.472340e-09 9.976507e-01 -1.014362e+00 1.502660e-01 9.630319e-02 2.440248e+00 -1.228723e-02 
3.322074e-01 4.912234e-02 7.250177e-01 2.170213e-09 9.558954e-01 -8.164894e-01 -9.454787e-01 7.587766e-02 2.877128e+00 -3.244681e-03 
2.616755e-01 4.942021e-02 6.805142e-01 2.177305e-09 9.823138e-01 -8.718085e-01 -9.162234e-01 9.502660e-02 2.849823e+00 2.877660e-02 
3.152926e-01 4.719681e-02 7.333511e-01 1.805674e-09 9.852394e-01 -1.122872e+00 -3.417553e-01 1.381117e-01 2.715780e+00 -2.569149e-02 
3.266223e-01 4.617553e-02 6.704078e-01 2.272340e-09 9.596188e-01 -1.036702e+00 4.720745e-01 8.784574e-02 3.587057e+00 5.053191e-03 
2.875266e-01 4.950532e-02 7.305142e-01 2.165957e-09 9.829344e-01 -8.760638e-01 4.002660e-01 1.387500e-01 2.931738e+00 -2.069149e-02 
3.154521e-01 4.652660e-02 6.673936e-01 1.730496e-09 9.966755e-01 -9.835106e-01 -1.343085e-01 7.827128e-02 3.557270e+00 1.664894e-02 
3.215160e-01 4.709043e-02 6.762589e-01 2.350355e-09 9.626330e-01 -1.262234e+00 -8.656915e-01 9.582447e-02 2.393085e+00 -6.914894e-04 
2.733245e-01 5.067553e-02 7.225355e-01 2.212766e-09 9.978280e-01 -1.100532e+00 -1.329787e-03 1.121011e-01 3.358688e+00 -1.803191e-02 
2.902394e-01 4.534574e-02 6.452305e-01 2.239716e-09 9.674202e-01 -1.084574e+00 1.130319e-01 8.321809e-02 2.442730e+00 -1.648936e-03 
3.341223e-01 4.855851e-02 6.968262e-01 1.719149e-09 9.616578e-01 -8.069149e-01 -9.428191e-01 1.231117e-01 3.207270e+00 1.537234e-02 
2.696543e-01 4.645213e-02 6.574645e-01 2.134752e-09 9.996897e-01 -1.233511e+00 -5.598404e-01 1.232713e-01 2.939184e+00 3.457447e-03 
3.125798e-01 4.993085e-02 6.817553e-01 2.262411e-09 9.507535e-01 -1.077128e+00 1.954787e-01 8.194149e-02 3.624291e+00 -1.494681e-02 
3.250266e-01 4.792021e-02 7.276773e-01 1.773050e-09 9.675975e-01 -7.069149e-01 -3.736702e-01 1.109840e-01 2.417908e+00 1.462766e-02 
2.828989e-01 4.711170e-02 6.757270e-01 2.114894e-09 9.940160e-01 -7.218085e-01 -3.656915e-01 1.400266e-01 2.455142e+00 2.079787e-02 
2.958245e-01 4.668617e-02 7.156206e-01 2.297872e-09 9.800975e-01 -1.132447e+00 4.986702e-01 6.327128e-02 2.971454e+00 -1.750000e-02 
3.294947e-01 5.098404e-02 6.721809e-01 1.916312e-09 9.598848e-01 -9.430851e-01 -5.651596e-01 1.164096e-01 3.614362e+00 -7.393617e-03 
2.856117e-01 4.879255e-02 7.326418e-01 2.361702e-09 9.960550e-01 -1.214362e+00 -4.268617e-01 1.001330e-01 2.542021e+00 -1.654255e-02 
3.194415e-01 4.999468e-02 6.509043e-01 2.082270e-09 9.806294e-01 -8.058511e-01 3.497340e-01 1.430585e-01 2.976418e+00 1.877660e-02 
3.318883e-01 4.538830e-02 6.877837e-01 1.812766e-09 9.570479e-01 -1.069681e+00 -5.093085e-01 6.151596e-02 3.338830e+00 -6.010638e-03 
2.889628e-01 4.545213e-02 6.913298e-01 1.883688e-09 9.667110e-01 -7.856383e-01 -4.827128e-01 7.300532e-02 3.435638e+00 2.196809e-02 
3.119415e-01 5.043085e-02 7.166844e-01 2.034043e-09 9.542996e-01 -1.194149e+00 -8.843085e-01 1.081117e-01 2.462589e+00 -8.989362e-03 
3.290160e-01 4.826064e-02 6.542730e-01 2.251064e-09 9.969415e-01 -1.052660e+00 4.188830e-01 1.352394e-01 3.120390e+00 -1.175532e-02 
2.825798e-01 4.717553e-02 6.782092e-01 1.940426e-09 9.731826e-01 -1.294149e+00 8.643617e-02 7.252660e-02 2.842376e+00 -2.835106e-02 
3.186436e-01 4.965426e-02 6.500177e-01 2.449645e-09 9.957890e-01 -7.579787e-01 -1.236702e-01 1.053989e-01 3.381028e+00 -2.819149e-03 
3.248670e-01 4.653723e-02 7.131383e-01 2.120567e-09 9.627216e-01 -9.537234e-01 -9.747340e-01 1.227926e-01 2.410461e+00 2.260638e-02 
2.790691e-01 4.672872e-02 6.993085e-01 2.460993e-09 9.560727e-01 -7.898936e-01 -4.800532e-01 1.317287e-01 2.579255e+00 1.542553e-03 
3.046011e-01 4.933511e-02 6.415071e-01 2.056738e-09 9.752216e-01 -1.189894e+00 9.175532e-02 1.092287e-01 3.611879e+00 -2.632979e-02 
3.293351e-01 4.720745e-02 7.282092e-01 1.765957e-09 9.846188e-01 -1.010106e+00 -6.821809e-01 7.045213e-02 3.098050e+00 2.356383e-02 
2.867287e-01 4.655851e-02 7.356560e-01 2.126241e-09 9.949025e-01 -8.047872e-01 -4.388298e-02 6.087766e-02 2.924291e+00 -1.409574e-02 
3.004521e-01 5.003723e-02 6.893794e-01 2.408511e-09 9.604167e-01 -1.129255e+00 4.747340e-01 1.176862e-01 3.482801e+00 1.920213e-02 
3.203989e-01 4.790957e-02 6.624291e-01 1.717730e-09 9.706117e-01 -9.856383e-01 -9.853723e-01 1.379521e-01 2.760461e+00 -9.946809e-03 
2.722074e-01 4.844149e-02 6.987766e-01 2.417021e-09 9.880762e-01 -9.771277e-01 -6.715426e-01 1.441755e-01 2.489894e+00 -1.835106e-02 
3.026862e-01 4.532447e-02 6.432801e-01 2.073759e-09 9.558067e-01 -1.161170e+00 -1.875000e-01 1.057181e-01 3.299113e+00 2.026596e-02 
3.224734e-01 4.982447e-02 7.395567e-01 1.853901e-09 9.814273e-01 -8.111702e-01 8.377660e-02 6.662234e-02 2.983865e+00 2.712766e-03 
2.873670e-01 4.935638e-02 6.402660e-01 1.787234e-09 9.795656e-01 -1.025000e+00 -8.630319e-01 1.090691e-01 2.765426e+00 2.526596e-02 
3.172074e-01 4.602660e-02 6.970035e-01 2.008511e-09 9.501330e-01 -1.199468e+00 3.656915e-01 7.859043e-02 2.857270e+00 -5.691489e-03 
3.271011e-01 4.876064e-02 7.278546e-01 2.365957e-09 9.977394e-01 -8.590426e-01 -1.954787e-01 1.271011e-01 3.492730e+00 -1.058511e-02 
2.623138e-01 4.516489e-02 6.597695e-01 2.421277e-09 9.857713e-01 -8.494681e-01 -2.300532e-01 1.306117e-01 2.805142e+00 -8.670213e-03 
3.192819e-01 4.747340e-02 6.881383e-01 1.839716e-09 9.749557e-01 -1.164362e+00 -8.922872e-01 1.154521e-01 3.594504e+00 2.813830e-02 
3.330053e-01 5.034574e-02 7.090603e-01 2.018440e-09 9.636082e-01 -1.066489e+00 3.976064e-01 8.242021e-02 2.586702e+00 -2.175532e-02 
2.691755e-01 4.911170e-02 6.431028e-01 2.340426e-09 9.763741e-01 -1.075000e+00 -5.571809e-01 1.499202e-01 3.112943e+00 -2.606383e-03 
3.138564e-01 4.644149e-02 6.932801e-01 1.746099e-09 9.534131e-01 -1.112234e+00 1.343085e-01 8.736702e-02 3.445567e+00 2.558511e-02 
3.424202e-01 4.885638e-02 7.303369e-01 2.191489e-09 9.903812e-01 -8.335106e-01 -6.250000e-02 9.119681e-02 2.728191e+00 -2.409574e-02 
2.766755e-01 4.686702e-02 6.743085e-01 1.747518e-09 9.583777e-01 -8.026596e-01 -9.175532e-02 1.226330e-01 3.497695e+00 6.117021e-03 
3.017287e-01 4.712234e-02 7.322872e-01 2.493617e-09 9.821365e-01 -9.526596e-01 -9.906915e-01 1.025266e-01 2.733156e+00 -1.047872e-02 
3.263032e-01 4.980319e-02 6.670390e-01 2.080851e-09 9.934840e-01 -1.295213e+00 3.257979e-01 7.795213e-02 3.013652e+00 1.484043e-02 
2.693351e-01 4.894149e-02 7.271454e-01 2.140426e-09 9.855053e-01 -7.686170e-01 4.135638e-01 7.603723e-02 3.346277e+00 7.393617e-03 
3.012500e-01 4.556915e-02 6.700532e-01 2.326241e-09 9.800089e-01 -1.249468e+00 -2.938830e-01 1.489628e-01 3.125355e+00 1.962766e-02 
3.440160e-01 4.931383e-02 6.746631e-01 1.869504e-09 9.515514e-01 -1.000532e+00 -5.518617e-01 9.071809e-02 2.653723e+00 -1.909574e-02 
2.603989e-01 4.679255e-02 6.659752e-01 2.282270e-09 9.715869e-01 -7.409574e-01 -5.013298e-01 1.084309e-01 3.217199e+00 -2.803191e-02 
2.977394e-01 4.952660e-02 6.925709e-01 2.129078e-09 9.503103e-01 -1.281383e+00 5.452128e-02 8.305851e-02 2.656206e+00 1.324468e-02 
3.456117e-01 4.867553e-02 7.143794e-01 1.890780e-09 9.983599e-01 -1.021809e+00 -2.034574e-01 1.432181e-01 3.279255e+00 -1.329787e-03 
2.720479e-01 4.848404e-02 7.329965e-01 1.741844e-09 9.751330e-01 -7.292553e-01 -1.316489e-01 1.061968e-01 3.348759e+00 -1.542553e-03 
3.098670e-01 4.659043e-02 6.888475e-01 2.121986e-09 9.982713e-01 -1.268617e+00 6.781915e-02 1.223138e-01 2.584220e+00 2.484043e-02 
3.409840e-01 4.988830e-02 6.652660e-01 2.333333e-09 9.628989e-01 -1.003723e+00 -9.135638e-01 8.481383e-02 3.227128e+00 -1.526596e-02 
2.868883e-01 4.619681e-02 6.971809e-01 1.771631e-09 9.949911e-01 -7.760638e-01 5.186170e-02 1.457713e-01 3.107979e+00 -3.351064e-03 
3.022074e-01 5.085638e-02 7.251950e-01 2.151773e-09 9.589096e-01 -1.061170e+00 -7.885638e-01 8.465426e-02 3.455496e+00 -1.856383e-02 
3.227926e-01 4.760106e-02 6.450532e-01 2.426950e-09 9.802748e-01 -1.218617e+00 -1.263298e-01 9.247340e-02 2.306206e+00 1.750000e-02 
2.854521e-01 4.927128e-02 7.328191e-01 1.985816e-09 9.565160e-01 -1.134574e+00 -2.433511e-01 8.289894e-02 2.810106e+00 -2.813830e-02 
2.969415e-01 4.814362e-02 6.535638e-01 1.818440e-09 9.776152e-01 -1.042021e+00 3.018617e-01 1.213564e-01 3.564716e+00 2.590426e-02 
3.312500e-01 4.549468e-02 6.785638e-01 2.363121e-09 9.900266e-01 -8.324468e-01 -9.694149e-01 1.197606e-01 2.643794e+00 9.042553e-04 
2.814628e-01 4.804787e-02 7.007270e-01 2.316312e-09 9.621011e-01 -1.160106e+00 -9.667553e-01 1.435372e-01 2.894504e+00 2.239362e-02 
2.988564e-01 4.673936e-02 7.289184e-01 1.859574e-09 9.861259e-01 -7.750000e-01 2.087766e-01 1.106649e-01 2.499823e+00 -1.877660e-02 
3.226330e-01 4.986702e-02 6.457624e-01 2.215603e-09 9.735372e-01 -9.590426e-01 -9.707447e-02 6.406915e-02 3.683865e+00 -2.180851e-03 
2.618351e-01 5.069681e-02 7.065780e-01 1.934752e-09 9.862145e-01 -8.356383e-01 -6.422872e-01 1.007713e-01 3.016135e+00 -2.271277e-02 
3.109840e-01 4.839894e-02 6.487766e-01 2.265248e-09 9.532358e-01 -1.278191e+00 -2.726064e-01 1.349202e-01 3.400887e+00 7.978723e-04 
3.314096e-01 4.654787e-02 7.324645e-01 2.182979e-09 9.690160e-01 -9.271277e-01 2.672872e-01 7.507979e-02 2.676064e+00 2.579787e-02 
2.659840e-01 4.596277e-02 6.904433e-01 2.445390e-09 9.871011e-01 -1.123936e+00 -5.172872e-01 1.089096e-01 2.400532e+00 1.420213e-02 
3.038032e-01 4.733511e-02 7.204078e-01 1.889362e-09 9.714982e-01 -1.086702e+00 3.590426e-02 6.119681e-02 3.646631e+00 -2.005319e-02 
3.365160e-01 5.021809e-02 6.686348e-01 1.973050e-09 9.652039e-01 -7.132979e-01 -4.428191e-01 1.436968e-01 2.859752e+00 -5.265957e-03 
2.702926e-01 4.564362e-02 7.221809e-01 2.048227e-09 9.808067e-01 -9.792553e-01 1.050532e-01 1.341223e-01 2.452660e+00 1.930851e-02 
2.942287e-01 4.878191e-02 6.477128e-01 2.486525e-09 9.551862e-01 -7.643617e-01 -2.832447e-01 8.082447e-02 3.083156e+00 -1.079787e-02 
3.411436e-01 4.925000e-02 6.886702e-01 1.849645e-09 9.950798e-01 -1.231383e+00 -6.210106e-01 9.422872e-02 3.562234e+00 -8.563830e-03 
2.650266e-01 4.563298e-02 6.890248e-01 1.825532e-09 9.886082e-01 -9.281915e-01 -3.856383e-02 1.069947e-01 3.393440e+00 2.462766e-02 
3.133777e-01 5.089894e-02 6.661525e-01 2.442553e-09 9.692819e-01 -1.196277e+00 3.151596e-01 8.832447e-02 2.576773e+00 3.776596e-03 
3.408245e-01 4.739894e-02 7.150887e-01 2.035461e-09 9.663564e-01 -8.984043e-01 -9.640957e-01 1.325266e-01 2.929255e+00 -2.962766e-02 
2.669415e-01 4.579255e-02 6.705851e-01 2.042553e-09 9.689273e-01 -1.168617e+00 -4.773936e-01 1.234309e-01 3.495213e+00 -2.143617e-02 
3.036436e-01 5.097340e-02 6.790957e-01 2.286525e-09 9.597074e-01 -1.046277e+00 -6.768617e-01 6.199468e-02 2.514716e+00 1.436170e-03 
3.247074e-01 4.806915e-02 7.161525e-01 1.931915e-09 9.938387e-01 -7.239362e-01 4.853723e-01 1.030053e-01 3.142730e+00 1.505319e-02 
2.666223e-01 4.576064e-02 6.814007e-01 2.099291e-09 9.835550e-01 -9.750000e-01 1.609043e-01 9.837766e-02 2.378191e+00 -2.654255e-02 
3.189628e-01 4.730319e-02 7.140248e-01 1.838298e-09 9.768174e-01 -8.228723e-01 -5.864362e-01 1.496011e-01 3.698759e+00 -5.851064e-04 
3.338032e-01 4.957979e-02 6.505496e-01 2.387234e-09 9.607713e-01 -1.251596e+00 -4.747340e-01 8.704787e-02 2.966489e+00 2.101064e-02 
2.841755e-01 4.723936e-02 7.315780e-01 1.961702e-09 9.942819e-01 -1.197340e+00 -1.462766e-02 7.571809e-02 3.070745e+00 2.654255e-02 
3.074734e-01 4.669681e-02 7.001950e-01 2.418440e-09 9.717642e-01 -7.675532e-01 -8.125000e-01 1.336436e-01 3.368617e+00 -2.090426e-02 
3.306117e-01 4.981383e-02 6.482447e-01 2.009929e-09 9.615691e-01 -1.044149e+00 4.162234e-01 1.128989e-01 2.380674e+00 -4.627660e-03 
2.674202e-01 5.018617e-02 6.675709e-01 1.764539e-09 9.581117e-01 -8.271277e-01 -4.029255e-01 9.023936e-02 2.916844e+00 -6.542553e-03 
3.069947e-01 4.593085e-02 7.108333e-01 2.211348e-09 9.962323e-01 -9.867021e-01 3.577128e-01 8.960106e-02 3.664007e+00 1.654255e-02 
3.486436e-01 4.893085e-02 7.005496e-01 2.411348e-09 9.828457e-01 -1.110106e+00 -9.507979e-01 1.255053e-01 2.532092e+00 -1.292553e-02 
2.730053e-01 5.086702e-02 6.523227e-01 2.209929e-09 9.746897e-01 -8.473404e-01 -1.130319e-01 1.071543e-01 3.552305e+00 -1.484043e-02 
3.052394e-01 4.714362e-02 7.228901e-01 1.785816e-09 9.836436e-01 -1.118617e+00 4.055851e-01 1.333245e-01 2.956560e+00 2.324468e-02 
3.307713e-01 4.649468e-02 6.874291e-01 2.242553e-09 9.639628e-01 -9.143617e-01 -7.300532e-01 6.375000e-02 2.333511e+00 1.648936e-03 
2.785904e-01 5.015426e-02 6.867199e-01 2.079433e-09 9.786791e-01 -1.225000e+00 -7.353723e-01 8.034574e-02 2.420390e+00 2.452128e-02 
3.009309e-01 4.684574e-02 7.127837e-01 2.351773e-09 9.550089e-01 -7.324468e-01 4.295213e-01 1.042819e-01 2.911879e+00 -1.090426e-02 
3.389096e-01 4.706915e-02 6.470035e-01 1.795745e-09 9.864805e-01 -1.038830e+00 -3.789894e-01 1.299734e-01 3.636702e+00 -3.563830e-03 
2.749202e-01 4.718617e-02 7.092376e-01 2.131915e-09 9.525266e-01 -1.047340e+00 4.534574e-01 1.034840e-01 3.654078e+00 -1.718085e-02 
3.039628e-01 5.046277e-02 6.672163e-01 1.872340e-09 9.762855e-01 -7.813830e-01 -6.529255e-01 6.646277e-02 2.862234e+00 2.111702e-02 
3.325266e-01 4.598404e-02 6.767908e-01 2.360284e-09 9.872784e-01 -1.235638e+00 -3.151596e-01 1.339628e-01 2.343440e+00 -8.457447e-03 
2.793883e-01 4.797340e-02 7.298050e-01 2.130496e-09 9.671543e-01 -9.781915e-01 -9.242021e-01 1.215160e-01 3.631738e+00 2.537234e-02 
3.180053e-01 5.092021e-02 6.931028e-01 2.263830e-09 9.833777e-01 -8.771277e-01 4.960106e-01 6.821809e-02 3.031028e+00 6.861702e-03 
3.346011e-01 4.567553e-02 6.633156e-01 1.826950e-09 9.629876e-01 -1.109043e+00 -3.204787e-01 1.136968e-01 2.507270e+00 -1.611702e-02 
2.827394e-01 4.823936e-02 6.409752e-01 2.065248e-09 9.794770e-01 -1.073936e+00 -3.683511e-01 6.390957e-02 3.269326e+00 2.760638e-02 
3.044415e-01 5.032447e-02 7.115426e-01 2.314894e-09 9.847961e-01 -7.005319e-01 -5.917553e-01 1.186436e-01 2.609043e+00 -1.781915e-02 
3.425798e-01 4.630319e-02 7.035638e-01 1.917730e-09 9.622784e-01 -1.260106e+00 2.646277e-01 1.384309e-01 2.921809e+00 -4.095745e-03 
2.736436e-01 4.603723e-02 6.567553e-01 2.313475e-09 9.739805e-01 -8.037234e-01 -7.699468e-01 8.449468e-02 3.520035e+00 7.500000e-03 
3.181649e-01 4.969681e-02 6.854787e-01 1.784397e-09 9.887855e-01 -9.079787e-01 -2.566489e-01 1.357181e-01 2.313652e+00 -2.058511e-02 
3.352394e-01 4.830319e-02 7.257270e-01 2.200000e-09 9.535018e-01 -1.242021e+00 2.779255e-01 1.068351e-01 3.150177e+00 1.952128e-02 
2.608777e-01 4.667553e-02 6.900887e-01 1.948936e-09 9.516401e-01 -8.781915e-01 -7.938830e-01 1.087500e-01 2.827482e+00 1.143617e-02 
3.093883e-01 4.787766e-02 6.471809e-01 2.038298e-09 9.913564e-01 -1.237766e+00 -3.337766e-01 6.534574e-02 3.470390e+00 -9.521277e-03 
3.401862e-01 4.920745e-02 7.157979e-01 2.382979e-09 9.793883e-01 -1.002660e+00 1.715426e-01 1.449734e-01 2.517199e+00 -1.260638e-02 
2.899202e-01 4.636702e-02 7.308688e-01 2.258156e-09 9.535904e-01 -1.193085e+00 -9.055851e-01 1.046011e-01 2.755496e+00 -4.521277e-03 
2.911968e-01 4.794149e-02 6.826418e-01 2.226950e-09 9.985372e-01 -9.037234e-01 -3.590426e-02 6.183511e-02 2.919326e+00 2.941489e-02 
3.245479e-01 4.923936e-02 6.462943e-01 1.723404e-09 9.691933e-01 -8.303191e-01 1.529255e-01 1.334840e-01 3.467908e+00 -1.111702e-02 
2.726862e-01 4.946277e-02 7.145567e-01 1.990071e-09 9.562500e-01 -1.028191e+00 -5.811170e-01 6.247340e-02 2.822518e+00 2.228723e-02 
3.143351e-01 4.809043e-02 6.883156e-01 2.455319e-09 9.772606e-01 -8.377660e-01 3.856383e-02 9.087766e-02 3.584574e+00 -2.930851e-02 
3.333245e-01 4.685638e-02 6.711170e-01 1.843972e-09 9.888741e-01 -1.183511e+00 -4.481383e-01 1.497606e-01 2.698404e+00 8.457447e-03 
2.688564e-01 4.707979e-02 6.560461e-01 2.109220e-09 9.610372e-01 -1.170745e+00 3.630319e-01 1.481649e-01 2.817553e+00 3.031915e-03 
3.065160e-01 5.051596e-02 7.042730e-01 1.743262e-09 9.759309e-01 -8.579787e-01 -4.135638e-01 7.172872e-02 2.616489e+00 -2.484043e-02 
3.328457e-01 4.657979e-02 7.087057e-01 2.436879e-09 9.843528e-01 -9.026596e-01 -6.609043e-01 9.550532e-02 3.502660e+00 2.771277e-02 
2.710904e-01 5.045213e-02 6.599468e-01 2.011348e-09 9.951684e-01 -1.057979e+00 1.196809e-02 1.467287e-01 2.720745e+00 -7.978723e-04 
3.031649e-01 4.846277e-02 7.223582e-01 2.395745e-09 9.653812e-01 -1.142021e+00 -6.781915e-02 6.103723e-02 3.043440e+00 2.707447e-02 
3.462500e-01 4.581383e-02 6.876064e-01 1.924823e-09 9.775266e-01 -8.877660e-01 -7.566489e-01 1.044415e-01 3.577128e+00 -2.281915e-02 
2.876862e-01 4.632447e-02 6.922163e-01 2.157447e-09 9.613032e-01 -9.888298e-01 3.763298e-01 1.472074e-01 3.390957e+00 2.250000e-02 
2.985372e-01 4.973936e-02 7.214716e-01 1.846809e-09 9.993351e-01 -1.243085e+00 -3.058511e-02 6.853723e-02 3.177482e+00 -9.095745e-03 
3.331649e-01 4.820745e-02 6.438121e-01 2.341844e-09 9.797429e-01 -8.824468e-01 -9.002660e-01 9.853723e-02 2.398050e+00 -1.271277e-02 
2.864096e-01 4.763298e-02 6.617199e-01 1.943262e-09 9.964982e-01 -8.856383e-01 -9.827128e-01 6.773936e-02 2.872163e+00 -1.436170e-03 
2.939096e-01 5.026064e-02 7.062234e-01 2.429787e-09 9.571365e-01 -9.547872e-01 3.523936e-01 1.152926e-01 2.519681e+00 -1.707447e-02 
3.350798e-01 4.583511e-02 7.188121e-01 2.158865e-09 9.712323e-01 -1.162234e+00 -1.715426e-01 1.264628e-01 3.678901e+00 2.345745e-02 
2.663032e-01 4.976064e-02 7.097695e-01 1.920567e-09 9.808954e-01 -8.101064e-01 -3.364362e-01 1.448138e-01 3.197340e+00 2.409574e-02 
3.191223e-01 4.640957e-02 6.984220e-01 2.465248e-09 9.556294e-01 -9.452128e-01 -7.779255e-01 7.779255e-02 3.395922e+00 -1.420213e-02 
3.219947e-01 4.746277e-02 6.423936e-01 2.025532e-09 9.863032e-01 -1.298404e+00 3.444149e-01 1.143351e-01 2.479965e+00 -6.648936e-03 
2.746011e-01 4.680319e-02 7.168617e-01 2.336170e-09 9.669770e-01 -7.111702e-01 -8.643617e-02 1.205585e-01 3.686348e+00 8.138298e-03 
2.934309e-01 4.754787e-02 6.684574e-01 1.936170e-09 9.608599e-01 -1.125000e+00 -8.311170e-01 7.140957e-02 2.666135e+00 -2.228723e-02 
3.457713e-01 4.953723e-02 6.920390e-01 1.991489e-09 9.906472e-01 -1.035638e+00 4.268617e-01 1.170479e-01 2.770390e+00 2.441489e-02 
2.881649e-01 4.875000e-02 6.503723e-01 1.956028e-09 9.923316e-01 -7.207447e-01 -9.441489e-02 1.028457e-01 3.135284e+00 2.888298e-02 
3.077926e-01 4.675000e-02 7.198759e-01 2.412766e-09 9.550975e-01 -1.031383e+00 4.654255e-02 6.582447e-02 2.435284e+00 -2.712766e-03 
3.460904e-01 4.956915e-02 6.844149e-01 1.992908e-09 9.742465e-01 -1.176064e+00 -5.997340e-01 1.389096e-01 3.423227e+00 -2.771277e-02 
2.846543e-01 4.553723e-02 6.532092e-01 1.791489e-09 9.746011e-01 -1.063298e+00 -8.577128e-01 9.375000e-02 3.264362e+00 9.627660e-03 
3.106649e-01 4.896277e-02 7.193440e-01 2.070922e-09 9.953457e-01 -7.867021e-01 1.103723e-01 1.488032e-01 2.604078e+00 1.196809e-02 
3.274202e-01 4.919681e-02 6.954078e-01 2.414184e-09 9.553635e-01 -1.216489e+00 -1.502660e-01 8.018617e-02 2.777837e+00 -2.856383e-02 
2.717287e-01 4.996277e-02 7.260816e-01 2.090780e-09 9.638741e-01 -1.113298e+00 -2.526596e-02 1.486436e-01 3.242021e+00 9.414894e-03 
3.164096e-01 4.589894e-02 6.448759e-01 2.482270e-09 9.805408e-01 -1.083511e+00 -6.582447e-01 9.183511e-02 3.157624e+00 1.047872e-02 
3.366755e-01 4.852660e-02 6.907979e-01 1.704965e-09 9.892287e-01 -8.622340e-01 2.859043e-01 7.986702e-02 2.594149e+00 -1.313830e-02 
2.712500e-01 4.751596e-02 7.136702e-01 1.821277e-09 9.591755e-01 -8.132979e-01 4.906915e-01 1.041223e-01 2.661170e+00 4.734043e-03 
2.980585e-01 5.047340e-02 6.994858e-01 2.456738e-09 9.850621e-01 -1.138830e+00 -4.880319e-01 7.188830e-02 3.204787e+00 -2.781915e-02 
3.336436e-01 4.587766e-02 6.583511e-01 2.201418e-09 9.700798e-01 -9.984043e-01 -7.247340e-01 1.395479e-01 3.490248e+00 2.313830e-02 
2.840160e-01 4.940957e-02 6.718262e-01 2.072340e-09 9.991578e-01 -9.345745e-01 -5.545213e-01 9.726064e-02 2.338475e+00 -2.547872e-02 
3.055585e-01 4.887766e-02 6.957624e-01 2.407092e-09 9.726507e-01 -1.130319e+00 -4.375000e-01 1.478457e-01 3.651596e+00 2.207447e-02 
3.478457e-01 4.670745e-02 7.094149e-01 1.781560e-09 9.600621e-01 -8.537234e-01 3.683511e-01 7.906915e-02 3.078191e+00 4.414894e-03 
2.680585e-01 4.731383e-02 6.422163e-01 2.309220e-09 9.910018e-01 -1.034574e+00 -2.460106e-01 8.210106e-02 3.068262e+00 -2.452128e-02 
3.076330e-01 5.013298e-02 7.012589e-01 2.160284e-09 9.572252e-01 -7.920213e-01 -7.034574e-01 1.210372e-01 2.345922e+00 1.558511e-02 
3.384309e-01 4.690957e-02 7.374291e-01 1.856738e-09 9.787677e-01 -1.136702e+00 2.992021e-01 1.103457e-01 3.604433e+00 -9.042553e-04 
2.822606e-01 4.682447e-02 7.110106e-01 2.344681e-09 9.582004e-01 -7.186170e-01 -4.614362e-01 6.470745e-02 2.879610e+00 -5.904255e-03 
3.159309e-01 5.062234e-02 6.693440e-01 2.076596e-09 9.921543e-01 -9.398936e-01 -5.412234e-01 1.398670e-01 2.527128e+00 2.632979e-02 
3.242287e-01 4.834574e-02 7.023227e-01 1.724823e-09 9.695479e-01 -1.219681e+00 1.875000e-01 1.178457e-01 3.343794e+00 -2.973404e-02 
2.678989e-01 5.044149e-02 7.067553e-01 2.300709e-09 9.677748e-01 -7.143617e-01 3.045213e-01 1.247074e-01 3.167553e+00 4.840426e-03 
3.136968e-01 4.727128e-02 7.019681e-01 2.089362e-09 9.502216e-01 -1.276064e+00 -6.928191e-01 7.412234e-02 3.289184e+00 1.686170e-02 
3.229521e-01 4.540957e-02 6.716489e-01 1.910638e-09 9.992465e-01 -9.803191e-01 -1.023936e-01 1.192819e-01 2.596631e+00 -1.984043e-02 
2.675798e-01 4.759043e-02 7.076418e-01 1.852482e-09 9.612145e-01 -1.184574e+00 -8.098404e-01 7.061170e-02 3.453014e+00 -4.308511e-03 
3.156117e-01 5.094149e-02 6.794504e-01 2.321986e-09 9.873670e-01 -9.324468e-01 -1.210106e-01 1.456117e-01 3.224645e+00 -2.473404e-02 
3.361968e-01 4.554787e-02 6.601241e-01 2.171631e-09 9.681294e-01 -8.664894e-01 7.313830e-02 9.534574e-02 2.331028e+00 2.388298e-02 
2.806649e-01 4.765426e-02 6.569326e-01 1.790071e-09 9.959663e-01 -1.150532e+00 6.648936e-03 9.167553e-02 2.621454e+00 2.047872e-02 
3.176862e-01 4.601596e-02 7.342376e-01 2.438298e-09 9.618351e-01 -9.664894e-01 -2.260638e-02 1.414628e-01 3.105496e+00 8.670213e-03 
3.298138e-01 5.030319e-02 7.003723e-01 2.036879e-09 9.826684e-01 -7.611702e-01 -6.848404e-01 7.204787e-02 3.420745e+00 -2.324468e-02 
2.819415e-01 4.840957e-02 6.723582e-01 1.930496e-09 9.971188e-01 -1.064362e+00 -2.752660e-01 1.371543e-01 3.542376e+00 -2.430851e-02 
3.020479e-01 4.618617e-02 6.815780e-01 2.136170e-09 9.698138e-01 -7.228723e-01 3.550532e-01 7.284574e-02 2.358333e+00 -5.053191e-03 
3.232713e-01 4.968617e-02 7.216489e-01 2.248227e-09 9.643174e-01 -1.198404e+00 -9.401596e-01 9.885638e-02 2.954078e+00 2.718085e-02 
2.610372e-01 4.970745e-02 6.806915e-01 1.707801e-09 9.820479e-01 -8.973404e-01 -1.103723e-01 8.002660e-02 3.249468e+00 1.984043e-02 
3.132181e-01 4.543085e-02 6.525000e-01 2.224113e-09 9.506649e-01 -9.090426e-01 1.742021e-01 1.307713e-01 2.658688e+00 -5.585106e-03 
3.317287e-01 4.857979e-02 7.230674e-01 2.275177e-09 9.955230e-01 -1.254787e+00 -5.226064e-01 1.172074e-01 3.209752e+00 -2.292553e-02 
2.817819e-01 4.778191e-02 6.546277e-01 2.147518e-09 9.988918e-01 -1.032447e+00 -5.678191e-01 1.097074e-01 3.656560e+00 1.835106e-02 
3.092287e-01 4.615426e-02 6.812234e-01 2.466667e-09 9.723848e-01 -8.643617e-01 -4.920213e-02 1.277394e-01 2.445213e+00 -2.898936e-02 
3.216755e-01 4.922872e-02 7.294504e-01 1.706383e-09 9.624557e-01 -1.221809e+00 1.981383e-01 8.752660e-02 2.780319e+00 5.265957e-03 
2.752394e-01 4.913298e-02 6.771454e-01 2.069504e-09 9.917996e-01 -8.005319e-01 -1.529255e-01 6.279255e-02 3.485284e+00 -1.760638e-02 
3.007713e-01 4.633511e-02 7.149113e-01 1.819858e-09 9.809840e-01 -1.283511e+00 -5.970745e-01 1.010904e-01 2.385638e+00 1.452128e-02 
3.467287e-01 4.862234e-02 6.695213e-01 2.320567e-09 9.557181e-01 -9.813830e-01 3.231383e-01 1.419415e-01 2.998759e+00 7.180851e-03 
2.830585e-01 5.052660e-02 6.629610e-01 2.490780e-09 9.716755e-01 -7.622340e-01 -6.795213e-01 1.259840e-01 2.812589e+00 1.122340e-02 
2.999734e-01 4.599468e-02 7.353014e-01 2.217021e-09 9.527926e-01 -1.007979e+00 -1.768617e-01 7.699468e-02 3.619326e+00 8.244681e-03 
3.459309e-01 4.870745e-02 7.026773e-01 1.964539e-09 9.897606e-01 -1.213298e+00 3.364362e-01 1.189628e-01 2.633865e+00 -1.664894e-02 
2.734840e-01 4.859043e-02 7.306915e-01 2.312057e-09 9.512855e-01 -9.760638e-01 3.204787e-01 9.901596e-02 2.901950e+00 1.781915e-02 
3.079521e-01 4.646277e-02 7.017908e-01 1.913475e-09 9.796543e-01 -1.245213e+00 -8.869681e-01 1.480053e-01 3.328901e+00 -1.377660e-02 
3.278989e-01 4.905851e-02 6.691667e-01 2.117730e-09 9.967642e-01 -7.037234e-01 -4.348404e-01 7.156915e-02 2.708333e+00 -5.797872e-03 
2.714096e-01 4.832447e-02 6.551596e-01 1.886525e-09 9.928635e-01 -1.144149e+00 4.348404e-01 9.821809e-02 3.229610e+00 -1.101064e-02 
3.006117e-01 4.539894e-02 7.299823e-01 2.150355e-09 9.792996e-01 -7.462766e-01 -5.784574e-01 1.382713e-01 2.626418e+00 -3.882979e-03 
3.315691e-01 5.012234e-02 6.966489e-01 2.377305e-09 9.522606e-01 -1.006915e+00 -4.242021e-01 8.513298e-02 3.579610e+00 1.760638e-02 
2.707713e-01 5.001596e-02 6.642021e-01 1.832624e-09 9.737145e-01 -1.265426e+00 2.752660e-01 1.208777e-01 2.981383e+00 1.409574e-02 
3.097074e-01 4.813298e-02 6.851241e-01 2.373050e-09 9.937500e-01 -9.601064e-01 -9.268617e-01 6.933511e-02 3.606915e+00 -3.138298e-03 
3.267819e-01 4.683511e-02 7.317553e-01 2.164539e-09 9.584663e-01 -8.941489e-01 -8.377660e-02 1.141755e-01 2.368262e+00 -2.622340e-02 
2.891223e-01 5.054787e-02 6.959397e-01 2.293617e-09 9.981826e-01 -1.127128e+00 -9.188830e-01 1.159309e-01 2.730674e+00 8.031915e-03 
3.033245e-01 4.782447e-02 7.377837e-01 1.944681e-09 9.548316e-01 -1.060106e+00 4.933511e-01 1.314096e-01 2.993794e+00 -1.388298e-02 
3.309309e-01 4.605851e-02 6.434574e-01 2.041135e-09 9.733599e-01 -8.420213e-01 -1.183511e-01 6.678191e-02 3.398404e+00 1.813830e-02 
2.798670e-01 5.011170e-02 7.370745e-01 2.085106e-09 9.803635e-01 -1.133511e+00 4.242021e-01 7.922872e-02 2.723227e+00 4.521277e-03 
2.998138e-01 4.884574e-02 6.650887e-01 2.398582e-09 9.582890e-01 -9.898936e-01 -9.800532e-01 1.342819e-01 2.772872e+00 -2.047872e-02 
3.436968e-01 4.611170e-02 6.822872e-01 1.946099e-09 9.839982e-01 -7.388298e-01 -1.156915e-01 1.148138e-01 3.609397e+00 1.622340e-02 
2.631117e-01 5.072872e-02 7.126064e-01 2.402837e-09 9.655585e-01 -1.177128e+00 -4.215426e-01 9.742021e-02 2.693440e+00 -1.154255e-02 
3.103457e-01 4.688830e-02 6.941667e-01 2.174468e-09 9.980053e-01 -9.005319e-01 -8.896277e-01 1.451330e-01 3.477837e+00 9.202128e-03 
3.240691e-01 4.815426e-02 6.493085e-01 1.899291e-09 9.699911e-01 -8.260638e-01 4.561170e-01 7.747340e-02 2.767908e+00 1.707447e-02 
2.647074e-01 5.010106e-02 7.301596e-01 1.878014e-09 9.660904e-01 -1.204787e+00 -3.257979e-01 1.175266e-01 2.470035e+00 4.095745e-03 
3.144947e-01 4.544149e-02 7.058688e-01 2.394326e-09 9.745124e-01 -7.845745e-01 1.156915e-01 6.359043e-02 3.316489e+00 1.069149e-02 
3.428989e-01 4.853723e-02 6.446986e-01 2.185816e-09 9.840869e-01 -9.654255e-01 -8.603723e-01 1.491223e-01 3.058333e+00 -1.037234e-02 
2.870479e-01 4.989894e-02 7.386702e-01 2.060993e-09 9.944592e-01 -9.101064e-01 -6.023936e-01 7.077128e-02 3.376064e+00 1.117021e-03 
3.162500e-01 4.744149e-02 6.688121e-01 1.792908e-09 9.675089e-01 -7.569149e-01 3.816489e-01 1.286968e-01 2.631383e+00 -2.122340e-02 
3.218351e-01 4.616489e-02 6.842376e-01 2.499291e-09 9.523493e-01 -1.211170e+00 -4.321809e-01 1.165691e-01 3.117908e+00 2.090426e-02 
2.824202e-01 4.880319e-02 6.461170e-01 2.453901e-09 9.812500e-01 -8.122340e-01 3.736702e-01 1.272606e-01 2.941667e+00 -3.031915e-03 
3.105053e-01 4.960106e-02 7.349468e-01 1.768794e-09 9.871897e-01 -1.049468e+00 -2.646277e-01 8.178191e-02 2.348404e+00 1.898936e-02 
3.207181e-01 4.681383e-02 7.051596e-01 2.095035e-09 9.573138e-01 -1.207979e+00 -6.130319e-01 9.933511e-02 3.616844e+00 -2.920213e-02 
2.607181e-01 4.535638e-02 7.177482e-01 2.236879e-09 9.679521e-01 -9.335106e-01 4.614362e-01 8.625000e-02 3.259397e+00 8.882979e-03 
3.117819e-01 5.048404e-02 6.858333e-01 1.896454e-09 9.601507e-01 -1.182447e+00 -5.438830e-01 1.344415e-01 2.549468e+00 2.494681e-02 
3.454521e-01 4.737766e-02 6.553369e-01 2.204255e-09 9.935727e-01 -8.696809e-01 -3.816489e-01 1.047606e-01 3.065780e+00 -2.941489e-02 
2.613564e-01 4.817553e-02 7.360106e-01 1.800000e-09 9.613918e-01 -1.126064e+00 9.441489e-02 9.279255e-02 3.187411e+00 8.989362e-03 
2.959840e-01 4.546277e-02 6.594149e-01 2.192908e-09 9.945479e-01 -1.076064e+00 -7.486702e-01 8.848404e-02 2.472518e+00 -2.590426e-02 
3.483245e-01 4.949468e-02 6.796277e-01 2.299291e-09 9.798316e-01 -8.686170e-01 -2.167553e-01 1.390691e-01 3.601950e+00 1.218085e-02 
2.709309e-01 4.612234e-02 7.390248e-01 1.937589e-09 9.811613e-01 -1.180319e+00 -2.061170e-01 8.130319e-02 2.700887e+00 -1.920213e-02 
2.931117e-01 5.099468e-02 6.564007e-01 2.187234e-09 9.533245e-01 -1.089894e+00 -7.912234e-01 1.038032e-01 3.301596e+00 1.186170e-02 
3.320479e-01 4.735638e-02 6.943440e-01 2.462411e-09 9.848848e-01 -7.441489e-01 3.949468e-01 1.310904e-01 2.996277e+00 8.563830e-03 
2.701330e-01 4.945213e-02 7.055142e-01 2.195745e-09 9.659131e-01 -1.285638e+00 4.587766e-01 1.183245e-01 2.854787e+00 -1.962766e-02 
3.030053e-01 4.572872e-02 7.243085e-01 1.750355e-09 9.889628e-01 -7.803191e-01 -5.385638e-01 8.433511e-02 3.281738e+00 -7.819149e-03 
3.480053e-01 4.789894e-02 6.555142e-01 2.368794e-09 9.765514e-01 -9.313830e-01 -3.444149e-01 1.338032e-01 2.591667e+00 2.547872e-02 
2.859309e-01 4.557979e-02 6.899113e-01 2.207092e-09 9.520833e-01 -8.015957e-01 -1.994681e-02 8.593085e-02 2.762943e+00 2.569149e-02 
2.943883e-01 5.020745e-02 7.196986e-01 1.702128e-09 9.936613e-01 -9.558511e-01 -6.476064e-01 1.320479e-01 3.110461e+00 -4.414894e-03 
3.473670e-01 4.866489e-02 6.714716e-01 2.388652e-09 9.708777e-01 -1.287766e+00 2.300532e-01 1.160904e-01 3.465426e+00 -1.207447e-02 
2.792287e-01 4.621809e-02 7.033865e-01 2.425532e-09 9.810727e-01 -1.165426e+00 -5.332447e-01 8.401596e-02 3.145213e+00 -2.909574e-02 
3.135372e-01 4.918617e-02 7.399113e-01 1.797163e-09 9.647606e-01 -1.087766e+00 -2.619681e-01 1.196011e-01 3.472872e+00 2.686170e-02 
3.392287e-01 4.761170e-02 6.521454e-01 2.045390e-09 9.912677e-01 -7.558511e-01 1.821809e-01 1.203989e-01 2.425355e+00 5.851064e-04 
2.627926e-01 4.899468e-02 6.712943e-01 1.807092e-09 9.574911e-01 -1.102660e+00 -1.901596e-01 1.014096e-01 2.524645e+00 2.845745e-02 
3.108245e-01 5.029255e-02 7.246631e-01 2.102128e-09 9.761968e-01 -8.207447e-01 -7.140957e-01 1.433777e-01 3.462943e+00 -2.132979e-02 
3.468883e-01 4.610106e-02 6.750177e-01 2.354610e-09 9.926862e-01 -9.622340e-01 4.388298e-02 6.981383e-02 2.834929e+00 4.946809e-03 
2.632713e-01 4.590957e-02 7.202305e-01 2.154610e-09 9.933954e-01 -1.027128e+00 -1.369681e-01 1.454521e-01 3.356206e+00 4.627660e-03 
3.023670e-01 5.075000e-02 6.576418e-01 1.880851e-09 9.741578e-01 -1.201596e+00 -7.087766e-01 1.065160e-01 2.529610e+00 -1.164894e-02 
3.449734e-01 4.872872e-02 7.044504e-01 2.480851e-09 9.605940e-01 -8.367021e-01 3.071809e-01 8.257979e-02 3.075709e+00 1.175532e-02 
2.739628e-01 4.620745e-02 7.122518e-01 1.712057e-09 9.941046e-01 -9.303191e-01 -5.039894e-01 7.811170e-02 2.412943e+00 3.244681e-03 
3.196011e-01 4.939894e-02 6.950532e-01 2.214184e-09 9.519947e-01 -7.175532e-01 -4.640957e-01 1.127394e-01 3.040957e+00 -2.994681e-02 
3.202394e-01 4.861170e-02 6.455851e-01 2.317730e-09 9.832890e-01 -1.195213e+00 1.077128e-01 1.211968e-01 3.433156e+00 2.430851e-02 
2.672606e-01 4.700532e-02 6.936348e-01 1.929078e-09 9.754876e-01 -7.707447e-01 3.843085e-01 1.006117e-01 3.336348e+00 -2.760638e-02 
3.197606e-01 4.677128e-02 6.468262e-01 2.167376e-09 9.549202e-01 -1.050532e+00 -8.045213e-01 1.363564e-01 2.581738e+00 1.111702e-02 
3.264628e-01 5.028191e-02 7.331738e-01 2.475177e-09 9.916223e-01 -1.159043e+00 -2.992021e-01 8.098404e-02 3.202305e+00 9.840426e-03 
2.723670e-01 4.769681e-02 6.578191e-01 2.432624e-09 9.707004e-01 -1.286702e+00 2.566489e-01 9.965426e-02 3.286702e+00 -1.143617e-02 
3.001330e-01 4.580319e-02 6.799823e-01 1.829787e-09 9.651152e-01 -7.526596e-01 -4.561170e-01 1.484840e-01 2.750532e+00 1.675532e-02 
3.377926e-01 5.095213e-02 7.205851e-01 2.068085e-09 9.878103e-01 -1.015426e+00 -6.662234e-01 6.039894e-02 2.946631e+00 8.351064e-03 
2.865691e-01 4.995213e-02 7.292730e-01 2.497872e-09 9.767287e-01 -8.728723e-01 -7.114362e-01 1.077926e-01 3.425709e+00 -1.968085e-03 
3.183245e-01 4.836702e-02 6.631383e-01 2.017021e-09 9.664450e-01 -1.147340e+00 2.194149e-01 1.413032e-01 2.611525e+00 2.824468e-02 
3.275798e-01 4.584574e-02 6.909752e-01 1.866667e-09 9.915337e-01 -1.045213e+00 -3.989362e-03 6.231383e-02 2.936702e+00 -2.845745e-02 
2.694947e-01 4.829255e-02 6.927482e-01 1.780142e-09 9.855940e-01 -9.462766e-01 2.460106e-01 6.694149e-02 2.648759e+00 -1.335106e-02 
3.141755e-01 5.040957e-02 7.351241e-01 2.087943e-09 9.697252e-01 -1.217553e+00 -8.231383e-01 1.444947e-01 3.304078e+00 -2.500000e-03 
3.465691e-01 4.676064e-02 6.618972e-01 2.435461e-09 9.661791e-01 -7.271277e-01 -3.550532e-01 1.002926e-01 3.179965e+00 1.994681e-02 
2.744415e-01 4.864362e-02 6.643794e-01 2.002837e-09 9.844415e-01 -8.484043e-01 -9.986702e-01 1.385904e-01 2.887057e+00 -2.388298e-02 
3.121011e-01 5.070745e-02 7.186348e-01 1.953191e-09 9.633422e-01 -9.367021e-01 3.869681e-01 1.122606e-01 2.494858e+00 2.037234e-02 
3.258245e-01 4.502660e-02 7.040957e-01 2.390071e-09 9.734486e-01 -1.256915e+00 -2.859043e-01 7.954787e-02 3.361170e+00 3.351064e-03 
2.784309e-01 4.570745e-02 6.475355e-01 1.851064e-09 9.561613e-01 -1.072872e+00 2.486702e-01 9.359043e-02 3.033511e+00 -1.250000e-02 
3.087500e-01 4.921809e-02 7.220035e-01 2.097872e-09 9.799202e-01 -1.104787e+00 -7.406915e-01 1.494415e-01 2.311170e+00 -1.595745e-04 
3.302926e-01 4.898404e-02 7.037411e-01 2.295035e-09 9.893174e-01 -7.377660e-01 -9.973404e-02 7.380319e-02 3.639184e+00 1.015957e-02 
2.803457e-01 4.755851e-02 7.393794e-01 2.337589e-09 9.678635e-01 -1.200532e+00 -2.805851e-01 1.173670e-01 2.544504e+00 2.335106e-02 
2.975798e-01 5.059043e-02 6.849468e-01 1.860993e-09 9.877216e-01 -7.398936e-01 2.273936e-01 1.218351e-01 3.162589e+00 -2.101064e-02 
3.371543e-01 4.693085e-02 6.604787e-01 2.146099e-09 9.657358e-01 -1.023936e+00 -9.321809e-01 7.555851e-02 3.668972e+00 7.925532e-03 
2.757181e-01 4.521809e-02 7.266135e-01 2.092199e-09 9.694592e-01 -1.059043e+00 -5.837766e-01 6.135638e-02 2.792730e+00 1.335106e-02 
3.041223e-01 4.796277e-02 6.588830e-01 2.279433e-09 9.946365e-01 -7.728723e-01 -3.497340e-01 1.492819e-01 2.713298e+00 -1.515957e-02 
3.481649e-01 5.006915e-02 6.741312e-01 1.845390e-09 9.597961e-01 -1.202660e+00 2.353723e-01 9.406915e-02 3.294149e+00 -1.117021e-03 
2.742819e-01 4.821809e-02 6.760816e-01 2.280851e-09 9.907358e-01 -1.296277e+00 9.707447e-02 7.125000e-02 2.618972e+00 3.563830e-03 
3.151330e-01 4.506915e-02 6.603014e-01 1.842553e-09 9.630762e-01 -9.015957e-01 -3.324468e-02 1.283777e-01 3.480319e+00 -2.462766e-02 
3.234309e-01 5.055851e-02 7.209397e-01 2.116312e-09 9.832004e-01 -7.281915e-01 -8.789894e-01 1.098670e-01 3.199823e+00 1.771277e-02 
2.698138e-01 4.856915e-02 6.496631e-01 2.329078e-09 9.743351e-01 -1.105851e+00 4.122340e-02 1.242287e-01 2.422872e+00 -2.345745e-02 
3.095479e-01 5.053723e-02 6.952305e-01 1.729078e-09 9.909131e-01 -9.218085e-01 -7.313830e-02 8.816489e-02 3.673936e+00 2.287234e-03 
3.339628e-01 4.501596e-02 7.290957e-01 2.222695e-09 9.531472e-01 -8.558511e-01 -5.066489e-01 9.295213e-02 2.889539e+00 1.079787e-02 
2.801862e-01 4.609043e-02 7.372518e-01 2.229787e-09 9.773493e-01 -1.116489e+00 1.396277e-01 1.438564e-01 2.636348e+00 -1.813830e-02 
3.028457e-01 4.881383e-02 6.831738e-01 1.739007e-09 9.517287e-01 -7.345745e-01 -1.077128e-01 8.880319e-02 2.847340e+00 2.505319e-02 
3.277394e-01 5.076064e-02 6.620745e-01 2.443972e-09 9.905585e-01 -1.095213e+00 -7.832447e-01 1.130585e-01 3.371099e+00 2.180851e-03 
2.813032e-01 4.505851e-02 6.610106e-01 2.137589e-09 9.824025e-01 -1.114362e+00 2.912234e-01 1.269415e-01 3.599468e+00 4.787234e-04 
3.010904e-01 4.745213e-02 6.978901e-01 2.319149e-09 9.896720e-01 -7.909574e-01 -8.178191e-01 8.273936e-02 2.407979e+00 2.420213e-02 
3.291755e-01 4.990957e-02 7.312234e-01 1.767376e-09 9.606826e-01 -9.228723e-01 -2.327128e-01 1.146543e-01 3.028546e+00 -2.792553e-02 
2.892819e-01 4.805851e-02 6.737766e-01 1.713475e-09 9.925975e-01 -1.284574e+00 -8.470745e-01 1.101862e-01 3.271809e+00 1.010638e-03 
3.058777e-01 4.585638e-02 7.262589e-01 1.997163e-09 9.665337e-01 -7.101064e-01 4.029255e-01 1.261436e-01 3.192376e+00 1.643617e-02 
3.349202e-01 4.962234e-02 6.613652e-01 2.495035e-09 9.721188e-01 -9.069149e-01 -2.087766e-01 6.055851e-02 2.646277e+00 -1.186170e-02 
2.888032e-01 4.629255e-02 7.124291e-01 1.957447e-09 9.792110e-01 -8.909574e-01 -8.497340e-01 1.036436e-01 2.301241e+00 -2.579787e-02 
2.903989e-01 5.060106e-02 6.638475e-01 2.415603e-09 9.948138e-01 -1.111170e+00 3.789894e-01 8.896277e-02 3.212234e+00 -8.244681e-03 
3.476862e-01 4.762234e-02 6.929255e-01 2.028369e-09 9.526152e-01 -9.132979e-01 -1.422872e-01 1.202394e-01 3.331383e+00 2.611702e-02 
2.768351e-01 4.775000e-02 6.679255e-01 2.296454e-09 9.688387e-01 -1.236702e+00 -9.587766e-01 8.800532e-02 3.450532e+00 1.632979e-02 
3.113032e-01 5.082447e-02 6.892021e-01 2.228369e-09 9.989805e-01 -9.239362e-01 3.417553e-01 1.093883e-01 2.509752e+00 -1.239362e-02 
3.286968e-01 4.647340e-02 7.117199e-01 1.912057e-09 9.513741e-01 -7.079787e-01 -2.593085e-01 1.355585e-01 3.127837e+00 -7.500000e-03 
2.761968e-01 4.628191e-02 6.528546e-01 2.178723e-09 9.774379e-01 -8.898936e-01 -8.763298e-01 1.318883e-01 3.088121e+00 2.728723e-02 
3.124202e-01 4.732447e-02 7.039184e-01 1.858156e-09 9.975621e-01 -9.473404e-01 4.773936e-01 9.997340e-02 3.500177e+00 -1.898936e-02 
3.451330e-01 4.978191e-02 7.232447e-01 2.331915e-09 9.611259e-01 -1.119681e+00 -2.699468e-01 8.609043e-02 2.432801e+00 7.074468e-03 
2.896011e-01 5.087766e-02 6.824645e-01 2.397163e-09 9.542110e-01 -9.420213e-01 -2.247340e-01 1.425798e-01 3.172518e+00 -1.218085e-02 
2.908777e-01 4.623936e-02 6.592376e-01 1.902128e-09 9.777926e-01 -1.261170e+00 2.938830e-01 7.316489e-02 3.475355e+00 1.441489e-02 
3.360372e-01 4.766489e-02 7.287411e-01 2.001418e-09 9.972074e-01 -8.515957e-01 -6.183511e-01 9.981383e-02 2.363298e+00 6.542553e-03 
2.635904e-01 4.678191e-02 6.915071e-01 2.348936e-09 9.901152e-01 -8.430851e-01 -4.694149e-01 6.742021e-02 2.482447e+00 -7.606383e-03 
3.128989e-01 4.753723e-02 6.725355e-01 2.225532e-09 9.632535e-01 -9.196809e-01 3.922872e-01 1.470479e-01 3.661525e+00 -1.430851e-02 
3.385904e-01 5.065426e-02 7.099468e-01 1.828369e-09 9.819592e-01 -1.101596e+00 -9.375000e-01 1.168883e-01 3.021099e+00 2.377660e-02 
2.884840e-01 4.926064e-02 6.863652e-01 1.777305e-09 9.884309e-01 -7.260638e-01 -8.364362e-01 1.113032e-01 2.537057e+00 6.010638e-03 
2.978989e-01 4.560106e-02 6.689894e-01 2.353191e-09 9.830230e-01 -1.148404e+00 4.215426e-01 7.938830e-02 2.944149e+00 2.281915e-02 
3.379521e-01 4.837766e-02 7.211170e-01 2.039716e-09 9.541223e-01 -1.070745e+00 -1.635638e-01 1.417819e-01 3.693794e+00 -1.026596e-02 
2.883245e-01 4.704787e-02 6.548050e-01 2.400000e-09 9.662677e-01 -8.952128e-01 -4.109043e-01 1.156117e-01 2.365780e+00 2.898936e-02 
3.071543e-01 5.014362e-02 6.906206e-01 1.923404e-09 9.858599e-01 -1.190957e+00 4.827128e-01 1.409840e-01 3.438121e+00 -6.968085e-03 
3.221543e-01 4.637766e-02 7.397340e-01 2.197163e-09 9.766401e-01 -9.377660e-01 -5.890957e-01 6.263298e-02 3.103014e+00 -2.728723e-02 
2.852926e-01 4.827128e-02 6.579965e-01 2.168794e-09 9.801862e-01 -7.547872e-01 -1.609043e-01 1.475266e-01 3.641667e+00 1.154255e-02 
3.060372e-01 4.917553e-02 7.111879e-01 2.459574e-09 9.599734e-01 -9.718085e-01 -6.688830e-01 9.757979e-02 2.316135e+00 -2.250000e-02 
3.280585e-01 4.631383e-02 7.060461e-01 1.714894e-09 9.867465e-01 -1.271809e+00 6.250000e-02 7.890957e-02 3.026064e+00 7.287234e-03 
2.836968e-01 4.650532e-02 6.608333e-01 1.753191e-09 9.640514e-01 -8.611702e-01 -2.353723e-01 9.343085e-02 2.308688e+00 1.968085e-03 
3.178457e-01 5.071809e-02 7.383156e-01 2.051064e-09 9.740691e-01 -1.106915e+00 2.406915e-01 8.976064e-02 3.403369e+00 -1.994681e-02 
3.261436e-01 4.783511e-02 6.861879e-01 2.487943e-09 9.961436e-01 -1.098404e+00 -7.539894e-01 1.346011e-01 2.909397e+00 2.367021e-02 
2.747606e-01 4.928191e-02 6.727128e-01 1.887943e-09 9.738032e-01 -7.430851e-01 -8.683511e-01 1.055585e-01 3.626773e+00 9.521277e-03 
3.073138e-01 4.795213e-02 7.129610e-01 2.156028e-09 9.974734e-01 -9.154255e-01 4.694149e-01 8.656915e-02 2.340957e+00 1.313830e-02 
3.323670e-01 4.582447e-02 6.766135e-01 2.347518e-09 9.650266e-01 -1.222872e+00 -4.720745e-01 1.405053e-01 3.130319e+00 -2.696809e-02 
2.741223e-01 4.930319e-02 6.759043e-01 1.875177e-09 9.578457e-01 -1.080319e+00 -8.204787e-01 1.353989e-01 3.246986e+00 -1.792553e-02 
3.042819e-01 4.889894e-02 7.189894e-01 2.489362e-09 9.827571e-01 -7.090426e-01 -1.050532e-01 7.651596e-02 2.738121e+00 2.925532e-03 
3.433777e-01 4.528191e-02 6.611879e-01 2.066667e-09 9.851507e-01 -1.210106e+00 2.593085e-01 1.140160e-01 3.232092e+00 1.590426e-02 
2.872074e-01 4.803723e-02 6.454078e-01 2.479433e-09 9.990691e-01 -9.111702e-01 -6.449468e-01 1.111436e-01 2.740603e+00 1.515957e-02 
2.956649e-01 4.547340e-02 7.079965e-01 1.822695e-09 9.790337e-01 -8.398936e-01 4.481383e-01 6.614362e-02 3.333865e+00 5.372340e-03 
3.211968e-01 5.093085e-02 7.048050e-01 1.998582e-09 9.592642e-01 -1.155851e+00 -2.792553e-02 1.460904e-01 2.864716e+00 -1.367021e-02 
2.773138e-01 4.729255e-02 6.480674e-01 2.357447e-09 9.910904e-01 -9.409574e-01 2.380319e-01 7.492021e-02 3.537411e+00 7.712766e-03 
3.188032e-01 4.975000e-02 7.338830e-01 2.232624e-09 9.614805e-01 -7.537234e-01 -1.981383e-01 1.422606e-01 3.122872e+00 1.058511e-02 
3.282181e-01 4.689894e-02 6.989539e-01 1.870922e-09 9.831117e-01 -1.250532e+00 -7.380319e-01 9.055851e-02 2.502305e+00 -2.335106e-02 
2.715691e-01 4.614362e-02 6.837057e-01 2.405674e-09 9.968528e-01 -1.090957e+00 4.640957e-01 1.243883e-01 2.703369e+00 -5.372340e-03 
3.167287e-01 4.903723e-02 7.368972e-01 2.202837e-09 9.619238e-01 -7.515957e-01 -7.047872e-02 7.875000e-02 3.410816e+00 -1.558511e-02 
3.472074e-01 4.854787e-02 6.526773e-01 1.921986e-09 9.720301e-01 -1.238830e+00 -8.390957e-01 1.105053e-01 2.899468e+00 1.207447e-02 
2.779521e-01 4.873936e-02 6.776773e-01 2.103546e-09 9.587323e-01 -8.750000e-01 -8.523936e-01 7.013298e-02 3.572163e+00 -2.260638e-02 
2.986968e-01 5.009043e-02 7.159752e-01 2.409929e-09 9.875443e-01 -1.145213e+00 -5.984043e-02 9.694149e-02 2.355851e+00 2.015957e-02 
3.443351e-01 4.597340e-02 6.622518e-01 1.815603e-09 9.680408e-01 -9.292553e-01 2.220745e-01 1.443351e-01 3.085638e+00 6.436170e-03 
2.682181e-01 4.959043e-02 6.753723e-01 2.367376e-09 9.617465e-01 -1.212234e+00 -1.662234e-01 1.294947e-01 2.450177e+00 1.547872e-02 
2.974202e-01 4.666489e-02 6.436348e-01 1.748936e-09 9.868351e-01 -7.952128e-01 1.635638e-01 8.337766e-02 2.815071e+00 -1.739362e-02 
3.397074e-01 4.843085e-02 7.337057e-01 2.188652e-09 9.769947e-01 -1.022872e+00 -6.901596e-01 9.327128e-02 3.676418e+00 -1.010638e-03 
2.833777e-01 4.705851e-02 7.046277e-01 2.163121e-09 9.941933e-01 -7.058511e-01 -5.757979e-01 8.529255e-02 3.440603e+00 2.164894e-02 
2.900798e-01 4.665426e-02 7.154433e-01 1.824113e-09 9.579344e-01 -1.247340e+00 -2.273936e-01 1.424202e-01 2.551950e+00 1.861702e-03 
3.422606e-01 5.090957e-02 6.507270e-01 2.266667e-09 9.727394e-01 -9.994681e-01 2.061170e-01 1.004521e-01 3.073227e+00 -2.111702e-02 
2.782713e-01 4.511170e-02 6.810461e-01 2.287943e-09 9.685727e-01 -1.117553e+00 -7.992021e-01 1.403457e-01 2.668617e+00 -8.351064e-03 
2.929521e-01 5.042021e-02 6.665071e-01 2.083688e-09 9.594415e-01 -9.686170e-01 1.449468e-01 7.220745e-02 3.060816e+00 2.973404e-02 
3.417819e-01 4.802660e-02 7.239539e-01 1.788652e-09 9.854167e-01 -7.154255e-01 -6.515957e-02 1.157713e-01 3.405851e+00 -2.037234e-02 
2.763564e-01 4.987766e-02 7.021454e-01 1.903546e-09 9.986259e-01 -9.632979e-01 4.428191e-01 1.151330e-01 3.170035e+00 1.356383e-02 
3.047606e-01 4.600532e-02 6.698759e-01 2.221277e-09 9.815160e-01 -8.154255e-01 -9.614362e-01 7.348404e-02 3.237057e+00 -2.686170e-02 
3.255053e-01 4.850532e-02 7.103014e-01 2.404255e-09 9.514628e-01 -1.186702e+00 -3.311170e-01 1.452926e-01 2.556915e+00 1.329787e-03 
2.878457e-01 4.697340e-02 7.101241e-01 2.104965e-09 9.998670e-01 -1.192021e+00 2.007979e-01 1.060372e-01 2.964007e+00 -2.867021e-02 
2.905585e-01 4.742021e-02 6.587057e-01 2.243972e-09 9.524379e-01 -9.058511e-01 -8.284574e-01 1.360372e-01 3.525000e+00 1.595745e-04 
3.464096e-01 4.907979e-02 6.980674e-01 1.950355e-09 9.807181e-01 -7.973404e-01 -1.449468e-01 7.635638e-02 2.574291e+00 2.994681e-02 
2.718883e-01 5.068617e-02 6.884929e-01 2.304965e-09 9.994238e-01 -7.962766e-01 -3.603723e-01 1.125798e-01 3.309043e+00 7.819149e-03 
3.082713e-01 4.767553e-02 6.730674e-01 1.754610e-09 9.585550e-01 -1.103723e+00 -9.109043e-01 8.369681e-02 2.467553e+00 1.718085e-02 
3.413032e-01 4.537766e-02 7.113652e-01 2.181560e-09 9.714096e-01 -9.388298e-01 4.109043e-01 1.224734e-01 3.137766e+00 -2.154255e-02 
