2.557691999999999743e-01 4.628845999999999655e-02 6.071794999999999831e-01 1.566667000000000004e-09 9.388461999999999641e-01 -1.019808000000000048e+00 1.903845999999999872e-01 2.838461999999999930e-01 4.314231000000000371e+00 -5.256410000000000422e-03
3.000768999999999798e-01 5.371154000000000206e-02 7.343589999999999840e-01 1.843590000000000041e-09 1.017308000000000101e+00 -4.832692000000000099e-01 -2.295513000000000137e+00 5.530768999999999824e-01 2.721922999999999870e+00 3.807692000000000021e-02
3.743846000000000118e-01 4.075000000000000150e-02 6.892308000000000323e-01 2.787178999999999976e-09 8.780769000000000490e-01 1.367308000000000134e-01 -1.801922999999999941e+00 1.392307999999999879e-01 2.993205000000000116e+00 -2.166666999999999899e-02
2.663846000000000269e-01 4.636537999999999771e-02 6.088204999999999867e-01 1.869231000000000077e-09 9.242308000000000190e-01 -9.959615000000000551e-01 -1.506409999999999971e-01 2.038462000000000052e-01 2.739615000000000133e+00 -4.987178999999999918e-02
2.889999999999999791e-01 5.251923000000000008e-02 7.261537999999999604e-01 2.669230999999999796e-09 8.434614999999999752e-01 -7.694231000000000265e-01 -2.322436000000000167e+00 5.100000000000000089e-01 3.411922999999999817e+00 3.346153999999999795e-02
3.549999999999999822e-01 4.178845999999999949e-02 6.916923000000000377e-01 1.217949000000000009e-09 1.021153999999999895e+00 1.923718000000000095e-01 -1.828845999999999972e+00 1.700000000000000122e-01 4.013461999999999641e+00 1.448718000000000054e-02
2.760769000000000140e-01 4.909614999999999813e-02 7.023589999999999556e-01 2.546153999999999974e-09 1.019614999999999938e+00 -1.210577000000000014e+00 -2.654487000000000041e+00 4.161538000000000181e-01 3.500385000000000080e+00 -4.653845999999999677e-02
2.802308000000000021e-01 5.178846000000000144e-02 6.006154000000000215e-01 1.930769000000000036e-09 8.457691999999999988e-01 2.480128000000000055e-01 -9.852564000000000322e-01 1.576923000000000075e-01 2.851666999999999952e+00 -1.038462000000000066e-02
3.762307999999999764e-01 4.167308000000000123e-02 7.245127999999999568e-01 1.499999999999999990e-09 9.419231000000000131e-01 -5.866025999999999740e-01 -5.192308000000000340e-02 3.592308000000000168e-01 3.736282000000000103e+00 4.705128000000000088e-02
2.770000000000000240e-01 4.336538000000000198e-02 6.564103000000000021e-01 2.833332999999999898e-09 8.057691999999999632e-01 -1.079423000000000021e+00 -8.955127999999999977e-01 3.884615000000000151e-01 3.400128000000000039e+00 -3.807692000000000021e-02
2.913077000000000027e-01 4.867308000000000051e-02 7.306667000000000023e-01 2.033333000000000179e-09 1.096538000000000013e+00 -1.255768999999999913e-01 -2.627564000000000011e+00 5.461537999999999810e-02 3.954486999999999863e+00 -1.371794999999999959e-02
3.591538000000000230e-01 5.236538000000000304e-02 6.477948999999999513e-01 1.279486999999999968e-09 9.757692000000000032e-01 -5.468589999999999840e-01 -5.814103000000000465e-01 5.238462000000000396e-01 2.686538000000000093e+00 4.628204999999999819e-02
2.774615000000000276e-01 4.921153999999999806e-02 7.483077000000000201e-01 1.664102999999999997e-09 9.711537999999999560e-01 -3.044231000000000020e-01 -6.987179000000000306e-02 5.023077000000000236e-01 4.402692000000000050e+00 3.217948999999999810e-02
2.820769000000000193e-01 4.001923000000000286e-02 6.153845999999999483e-01 2.335897000000000045e-09 8.634614999999999929e-01 -9.378205000000000569e-02 -1.936538000000000093e+00 2.515384999999999982e-01 3.600640999999999980e+00 -4.038462000000000302e-02
3.729999999999999982e-01 5.478845999999999716e-02 6.748718000000000217e-01 1.900000000000000056e-09 1.031153999999999904e+00 -8.807051000000000185e-01 -1.685256000000000087e+00 1.000000000000000021e-02 2.774999999999999911e+00 -6.794872000000000412e-03
2.290000000000000091e-01 4.744231000000000142e-02 6.486153999999999531e-01 2.494871999999999902e-09 9.773077000000000014e-01 -9.760896999999999490e-01 -2.681410000000000071e+00 5.153846000000000122e-02 3.093462000000000156e+00 -1.576922999999999866e-02
3.346922999999999981e-01 4.378846000000000127e-02 6.822563999999999851e-01 1.099999999999999924e-09 8.180768999999999957e-01 -1.176282000000000022e-01 -1.604486999999999997e+00 4.976922999999999764e-01 2.456538000000000110e+00 2.551281999999999855e-02
3.757692000000000254e-01 5.298077000000000342e-02 7.318974000000000313e-01 2.258974000000000145e-09 1.011922999999999906e+00 -6.660897000000000068e-01 2.262821000000000138e-01 3.992307999999999968e-01 4.060641000000000389e+00 -2.448718000000000075e-02
2.202308000000000043e-01 5.309615000000000168e-02 7.298462000000000005e-01 1.535896999999999913e-09 9.357691999999999677e-01 -7.336538000000000226e-01 -7.051281999999999862e-03 4.076922999999999658e-02 3.541666999999999899e+00 -6.538462000000000093e-03
3.383845999999999798e-01 4.436538000000000287e-02 6.141537999999999720e-01 1.987178999999999844e-09 1.087307999999999941e+00 -1.103269000000000055e+00 -2.510896999999999935e+00 3.315385000000000137e-01 3.948589999999999822e+00 -2.064103000000000118e-02
3.494614999999999805e-01 4.532691999999999971e-02 6.929231000000000140e-01 2.653845999999999854e-09 8.734615000000000018e-01 2.360897000000000134e-01 -8.237179000000000029e-01 4.623076999999999881e-01 2.592178999999999789e+00 3.448717999999999922e-02
2.576153999999999944e-01 4.617307999999999829e-02 6.395897000000000387e-01 1.002563999999999931e-09 1.028845999999999927e+00 -4.633974000000000149e-01 -1.602564000000000072e-02 4.807692000000000077e-01 2.474231000000000069e+00 -1.858974000000000043e-02
2.922308000000000128e-01 4.232691999999999705e-02 7.113846000000000336e-01 2.966666999999999926e-09 9.250000000000000444e-01 -1.294038000000000022e+00 -2.537821000000000105e+00 3.223076999999999748e-01 3.429615000000000080e+00 2.012821000000000055e-02
3.919231000000000242e-01 5.471154000000000295e-02 7.027691999999999828e-01 2.202563999999999923e-09 8.757692000000000254e-01 1.764744000000000035e-01 -7.249999999999999778e-01 1.884615000000000040e-01 3.801153999999999922e+00 1.423077000000000022e-02
2.216153999999999902e-01 5.048077000000000120e-02 6.621538000000000146e-01 2.766667000000000203e-09 8.973077000000000414e-01 -4.514743999999999979e-01 -1.003204999999999902e+00 1.361537999999999915e-01 2.757308000000000092e+00 4.423077000000000258e-02
3.111537999999999804e-01 4.386538000000000243e-02 7.384614999999999929e-01 1.161538000000000089e-09 1.067307999999999923e+00 -9.204487000000000085e-01 -2.376281999999999783e+00 2.776923000000000030e-01 4.384999999999999787e+00 2.948717999999999912e-03
3.974615000000000231e-01 4.775000000000000078e-02 6.051282000000000050e-01 1.710256000000000013e-09 9.180768999999999735e-01 -1.851923000000000041e-01 -5.185897000000000423e-01 4.853845999999999994e-01 2.975512999999999852e+00 -3.987178999999999723e-02
