0.000000000000000000e+00
4.896425532303450012e-02
1.003260089454083293e-01
1.542026525859869768e-01
2.000000000000000111e-01
2.107173259617307615e-01
2.699991982341425345e-01
3.321837632365280957e-01
3.974131491568424490e-01
4.658364433839237151e-01
5.000000000000000000e-01
5.376100332595830089e-01
6.128979635153648520e-01
6.918723112109332885e-01
7.747135790310379910e-01
8.616111078399704137e-01
9.527635094364435009e-01
1.000000000000000000e+00
1.048379120497994421e+00
1.148676478752431063e+00
1.253884822464664150e+00
1.364244614380536014e+00
1.480008091325173414e+00
1.601439840712010731e+00
1.728817405280147934e+00
1.862431917442225693e+00
2.000000000000000000e+00
2.002588764692669887e+00
2.149608287597156941e+00
2.303826511958609657e+00
2.465595916833161816e+00
2.635286240151446080e+00
2.813285323786535841e+00
3.000000000000000000e+00
