-5.9976085275e-01
-4.1185899343e-01
-2.5954335514e-01
-1.8884765388e-01
-1.1232157271e-01
-7.4262461945e-02
-3.1994259155e-02
1.4021368697e-02
3.2609897608e-02
6.1288456712e-02
1.0244023982e-01
1.2672368862e-01
1.4164038214e-01
1.6811926953e-01
1.9123688860e-01
2.1118263612e-01
2.3427903982e-01
2.5880811879e-01
2.8393431879e-01
3.1185165069e-01
3.4803537052e-01
3.8254601590e-01
4.1150073423e-01
4.4201092579e-01
4.6898677207e-01
4.9237726356e-01
5.1670377082e-01
5.3967997521e-01
5.6282866845e-01
5.8638684599e-01
6.0986931885e-01
6.3338355511e-01
6.5700221015e-01
6.8039817475e-01
7.0933090475e-01
7.3773208407e-01
7.6121501922e-01
7.8430518001e-01
8.0746879630e-01
8.3054898722e-01
8.5402129798e-01
8.7735499832e-01
9.0063580867e-01
9.2393690050e-01
9.4711528986e-01
9.7043996432e-01
9.9360913281e-01
1.0167124863e+00
1.0400361920e+00
1.0633336308e+00
1.0866195979e+00
1.1099198670e+00
1.1331238018e+00
1.1563260362e+00
1.1795756085e+00
1.2028356183e+00
1.2260904775e+00
1.2493643377e+00
1.2726629511e+00
1.2959108496e+00
1.3191241314e+00
1.3423268479e+00
1.3655714983e+00
1.3885921388e+00
1.4117707833e+00
1.4349624709e+00
1.4581411898e+00
1.4812727307e+00
1.5042686436e+00
1.5269307683e+00
1.5500189622e+00
1.5727355314e+00
1.5944091465e+00
