2.488461999999999896e-01 4.698076999999999809e-02 6.030769000000000268e-01 2.489744000000000165e-09 1.033462000000000103e+00 -7.391026000000000540e-02 -2.044230999999999909e+00 3.623077000000000103e-01 2.261922999999999906e+00 -1.410255999999999923e-03
2.936154000000000264e-01 5.148077000000000208e-02 7.007179000000000046e-01 1.587178999999999984e-09 8.011538000000000270e-01 -3.282691999999999832e-01 -6.532050999999999830e-01 6.538462000000000440e-02 4.166794999999999582e+00 -3.089744000000000171e-02
3.993076999999999877e-01 4.324999999999999678e-02 7.552820999999999563e-01 2.315384999999999858e-09 9.996154000000000428e-01 -1.095320999999999989e+00 -1.380128000000000021e+00 4.023076999999999903e-01 3.158332999999999835e+00 2.423076999999999870e-02
2.557691999999999743e-01 4.628845999999999655e-02 6.071794999999999831e-01 1.566667000000000004e-09 9.388461999999999641e-01 -1.019808000000000048e+00 1.903845999999999872e-01 2.838461999999999930e-01 4.314231000000000371e+00 -5.256410000000000422e-03
3.000768999999999798e-01 5.371154000000000206e-02 7.343589999999999840e-01 1.843590000000000041e-09 1.017308000000000101e+00 -4.832692000000000099e-01 -2.295513000000000137e+00 5.530768999999999824e-01 2.721922999999999870e+00 3.807692000000000021e-02
3.743846000000000118e-01 4.075000000000000150e-02 6.892308000000000323e-01 2.787178999999999976e-09 8.780769000000000490e-01 1.367308000000000134e-01 -1.801922999999999941e+00 1.392307999999999879e-01 2.993205000000000116e+00 -2.166666999999999899e-02
2.299230999999999914e-01 4.094231000000000259e-02 6.715896999999999561e-01 2.048718000000000121e-09 9.796154000000000250e-01 -3.998076999999999881e-01 1.089743999999999956e-02 5.699999999999999512e-01 3.742179000000000144e+00 -1.756409999999999916e-02
3.166922999999999822e-01 5.448076999999999781e-02 6.523077000000000458e-01 1.074359000000000095e-09 1.004231000000000096e+00 -1.158910000000000107e+00 -2.869871999999999979e+00 2.530768999999999935e-01 3.010896999999999935e+00 -1.653846000000000135e-02
3.545384999999999787e-01 4.705768999999999924e-02 7.109744000000000064e-01 2.843590000000000103e-09 8.819230999999999598e-01 -1.613461999999999952e-01 -1.353204999999999991e+00 2.999999999999999889e-02 2.651154000000000011e+00 3.782051000000000163e-02
2.326922999999999908e-01 4.836537999999999948e-02 7.081026000000000264e-01 1.582051000000000041e-09 9.588461999999999819e-01 -1.278140999999999972e+00 -3.570513000000000159e-01 4.669230999999999798e-01 3.700896999999999881e+00 4.371794999999999848e-02
2.899230999999999892e-01 4.225000000000000283e-02 6.838973999999999887e-01 2.735896999999999905e-09 1.060384999999999911e+00 2.321153999999999995e-01 -1.487821000000000060e+00 2.084614999999999940e-01 3.871922999999999782e+00 -3.115385000000000029e-02
3.646923000000000248e-01 5.121153999999999984e-02 6.043077000000000032e-01 1.741025999999999898e-09 8.396154000000000117e-01 -7.574999999999999512e-01 -1.864743999999999957e+00 1.407692000000000110e-01 2.391666999999999987e+00 -1.551282000000000008e-02
2.340769000000000044e-01 4.278846000000000038e-02 6.867691999999999686e-01 2.910255999999999799e-09 1.004999999999999893e+00 -6.382691999999999810e-01 -1.667308000000000012e+00 3.515384999999999760e-01 2.769102999999999870e+00 -4.756409999999999805e-02
3.116153999999999868e-01 4.694231000000000098e-02 7.273846000000000478e-01 1.505127999999999933e-09 8.880768999999999469e-01 -1.039679000000000020e+00 -6.089743999999999713e-02 2.076922999999999964e-02 3.240896999999999917e+00 4.730768999999999946e-02
3.859231000000000189e-01 5.032691999999999721e-02 6.342564000000000535e-01 1.694871999999999976e-09 9.457691999999999766e-01 6.121795000000000014e-02 -1.972436000000000078e+00 5.884614999999999707e-01 3.883718000000000004e+00 1.551282000000000008e-02
2.349999999999999867e-01 4.282691999999999749e-02 6.461538000000000004e-01 2.279486999999999823e-09 9.311538000000000315e-01 1.208333000000000046e-01 -7.698717999999999950e-01 4.330768999999999869e-01 3.004999999999999893e+00 4.294872000000000273e-02
2.963845999999999981e-01 4.594231000000000009e-02 7.253332999999999586e-01 1.453846000000000069e-09 1.049614999999999965e+00 -1.242372000000000032e+00 -2.780127999999999933e+00 1.192307999999999979e-01 2.633462000000000192e+00 -1.499999999999999944e-02
3.845385000000000053e-01 5.055769000000000235e-02 6.974358999999999975e-01 2.730769000000000168e-09 8.257691999999999810e-01 -7.733974000000000126e-01 -2.762820999999999749e-01 2.269230999999999887e-01 4.243462000000000067e+00 -2.730768999999999905e-02
2.580768999999999980e-01 5.228846000000000188e-02 6.998974000000000029e-01 2.007691999999999936e-09 8.126923000000000341e-01 -9.164744000000000224e-01 -2.995512999999999870e+00 2.899999999999999800e-01 4.113718000000000430e+00 -1.448718000000000054e-02
2.908461999999999992e-01 4.163461999999999719e-02 7.302564000000000277e-01 1.089744000000000037e-09 1.081922999999999968e+00 -3.958332999999999990e-01 -4.647435999999999789e-01 4.730769000000000224e-01 3.724486999999999881e+00 2.371795000000000153e-02
3.688462000000000129e-01 4.563462000000000074e-02 6.014359000000000233e-01 2.689743999999999888e-09 9.542308000000000456e-01 -1.375000000000000111e-01 -7.070513000000000492e-01 1.823076999999999892e-01 2.427051000000000069e+00 -1.987179000000000029e-02
2.419231000000000020e-01 4.063462000000000324e-02 6.572308000000000039e-01 1.787178999999999914e-09 1.014231000000000105e+00 -7.296795000000000364e-01 -2.125000000000000000e+00 4.084614999999999774e-01 4.184486999999999846e+00 -4.730768999999999946e-02
3.291537999999999964e-01 4.971153999999999851e-02 7.417435999999999474e-01 1.094871999999999980e-09 8.926922999999999941e-01 -1.429486999999999945e-02 -1.281409999999999938e+00 1.623076999999999992e-01 3.529872000000000121e+00 4.576923000000000102e-02
3.863846000000000225e-01 5.090385000000000049e-02 6.383590000000000098e-01 2.771794999999999939e-09 9.526923000000000474e-01 -1.027755999999999892e+00 1.006409999999999944e-01 3.853846000000000216e-01 2.568589999999999929e+00 -1.064102999999999924e-02
2.663846000000000269e-01 4.636537999999999771e-02 6.088204999999999867e-01 1.869231000000000077e-09 9.242308000000000190e-01 -9.959615000000000551e-01 -1.506409999999999971e-01 2.038462000000000052e-01 2.739615000000000133e+00 -4.987178999999999918e-02
2.889999999999999791e-01 5.251923000000000008e-02 7.261537999999999604e-01 2.669230999999999796e-09 8.434614999999999752e-01 -7.694231000000000265e-01 -2.322436000000000167e+00 5.100000000000000089e-01 3.411922999999999817e+00 3.346153999999999795e-02
3.549999999999999822e-01 4.178845999999999949e-02 6.916923000000000377e-01 1.217949000000000009e-09 1.021153999999999895e+00 1.923718000000000095e-01 -1.828845999999999972e+00 1.700000000000000122e-01 4.013461999999999641e+00 1.448718000000000054e-02
2.474615000000000009e-01 4.017307999999999990e-02 6.535385000000000222e-01 2.028205000000000029e-09 8.580769000000000313e-01 -7.137820999999999749e-01 -2.430127999999999844e+00 1.900000000000000022e-01 3.276282000000000139e+00 4.115384999999999877e-02
3.240769000000000011e-01 4.732692000000000149e-02 6.518973999999999602e-01 1.551282000000000062e-09 1.071153999999999940e+00 1.605768999999999946e-01 -1.730128000000000110e+00 4.500000000000000111e-01 3.924999999999999822e+00 -4.858973999999999932e-02
3.637692000000000148e-01 5.305768999999999763e-02 7.511795000000000000e-01 2.479486999999999960e-09 9.219230999999999954e-01 -7.853204999999999769e-01 1.185897000000000062e-01 2.300000000000000100e-01 2.598076999999999970e+00 7.820512999999999423e-03
2.640769000000000033e-01 4.190384999999999943e-02 7.035896999999999846e-01 2.453846000000000131e-09 8.534614999999999840e-01 -5.707050999999999652e-01 -2.968589999999999840e+00 4.099999999999999756e-01 4.261154000000000330e+00 -1.628204999999999930e-02
3.046923000000000270e-01 5.486537999999999832e-02 7.228717999999999533e-01 1.992307999999999899e-09 1.006537999999999933e+00 -2.209615000000000051e-01 -8.775640999999999581e-01 3.146153999999999895e-01 2.238332999999999906e+00 -3.628205000000000319e-02
3.559230999999999923e-01 4.517307999999999740e-02 6.038974000000000286e-01 1.300000000000000060e-09 9.126923000000000119e-01 -8.171154000000000472e-01 -4.467948999999999948e-01 1.253846000000000127e-01 3.406026000000000220e+00 4.448718000000000117e-02
2.414614999999999956e-01 4.624999999999999944e-02 6.756923000000000235e-01 2.874359000000000083e-09 9.596154000000000073e-01 -9.442949000000000481e-01 -1.344230999999999954e+00 5.730769000000000002e-01 2.745512999999999870e+00 3.525641000000000191e-02
3.148462000000000205e-01 4.401922999999999947e-02 7.450255999999999545e-01 1.156409999999999939e-09 8.265384999999999538e-01 -2.408333000000000002e-01 -2.564744000000000135e+00 2.023077000000000070e-01 3.848332999999999782e+00 -1.320513000000000069e-02
3.633077000000000112e-01 5.374999999999999917e-02 6.198974000000000428e-01 2.105127999999999929e-09 1.024230999999999892e+00 -5.826282000000000405e-01 5.576923000000000297e-02 1.223077000000000053e-01 3.730385000000000062e+00 -3.166667000000000093e-02
2.797691999999999957e-01 4.578846000000000305e-02 6.851281999999999650e-01 2.361537999999999874e-09 8.142308000000000323e-01 -1.139037999999999995e+00 -1.227564000000000100e+00 1.853846000000000105e-01 2.279615000000000169e+00 4.602563999999999961e-02
3.250000000000000111e-01 5.171154000000000028e-02 7.179486999999999952e-01 1.079487000000000038e-09 1.057307999999999915e+00 3.737179000000000195e-02 -2.546794999999999920e+00 4.223077000000000081e-01 3.176025999999999794e+00 -2.179486999999999917e-03
3.628462000000000076e-01 4.328846000000000083e-02 6.162050999999999501e-01 2.233332999999999902e-09 9.326923000000000297e-01 -7.018590000000000106e-01 -1.596153999999999906e-01 2.730769000000000113e-01 4.455769000000000091e+00 -4.192308000000000145e-02
2.705385000000000151e-01 5.498076999999999825e-02 6.904614999999999503e-01 2.500000000000000052e-09 8.165384999999999449e-01 -1.003910000000000080e+00 -3.839743999999999935e-01 2.792308000000000012e-01 4.231666999999999845e+00 1.012821000000000034e-02
3.199231000000000158e-01 4.509615000000000151e-02 6.367178999999999478e-01 1.207692000000000011e-09 9.680769000000000180e-01 -7.773717999999999462e-01 -2.098076999999999970e+00 5.653846000000000149e-01 2.480128000000000110e+00 -3.730768999999999752e-02
3.776153999999999900e-01 4.494230999999999920e-02 7.236922999999999551e-01 2.325641000000000158e-09 1.085768999999999984e+00 1.248076999999999936e-01 -7.608973999999999460e-01 6.846154000000000128e-02 3.417820999999999998e+00 2.833333000000000032e-02
2.225385000000000002e-01 5.151922999999999919e-02 7.495384999999999964e-01 1.515384999999999932e-09 8.311538000000000537e-01 -7.058332999999999968e-01 -1.371153999999999984e+00 2.453846000000000083e-01 3.594743999999999939e+00 4.012820999999999749e-02
3.356154000000000082e-01 4.928845999999999922e-02 6.067692000000000085e-01 2.397435999999999909e-09 9.265385000000000426e-01 -2.646795000000000120e-01 -2.492948999999999860e+00 9.615384999999999904e-02 3.966282000000000085e+00 -4.269230999999999721e-02
3.499230999999999869e-01 4.101922999999999681e-02 6.966153999999999957e-01 1.684614999999999978e-09 1.065768999999999966e+00 -8.012179000000000384e-01 -2.044872000000000078e-01 5.715384999999999494e-01 2.710128000000000092e+00 -3.205127999999999797e-03
2.377692000000000139e-01 5.390385000000000315e-02 6.531282000000000476e-01 1.397436000000000053e-09 9.203845999999999972e-01 -3.719872000000000178e-01 -2.241667000000000076e+00 7.307692000000000354e-02 3.016795000000000115e+00 -3.269231000000000220e-02
3.088462000000000152e-01 4.998077000000000075e-02 7.257436000000000442e-01 2.828205000000000161e-09 1.054999999999999938e+00 -1.067499999999999893e+00 -1.092948999999999948e+00 5.084615000000000107e-01 4.125512999999999764e+00 1.243589999999999973e-02
3.956154000000000059e-01 4.051923000000000330e-02 6.551795000000000258e-01 1.884615000000000114e-09 8.426922999999999497e-01 -2.527563999999999922e-01 -4.198718000000000172e-01 2.592307999999999835e-01 2.792692000000000174e+00 2.064103000000000118e-02
2.313077000000000050e-01 4.848076999999999942e-02 6.941538000000000430e-01 1.130768999999999903e-09 9.926922999999999719e-01 2.201923000000000075e-01 -1.164744000000000002e+00 7.615384999999999516e-02 3.812949000000000144e+00 9.871794999999999182e-03
3.083846000000000087e-01 4.213461999999999763e-02 6.129231000000000540e-01 2.110256000000000080e-09 8.111538000000000359e-01 -1.214550999999999936e+00 -5.544871999999999579e-01 4.115384999999999738e-01 3.170128000000000057e+00 1.961538000000000170e-02
3.965385000000000160e-01 5.301923000000000052e-02 7.364102999999999621e-01 2.571794999999999803e-09 1.068076999999999943e+00 -7.455768999999999869e-01 -1.855769000000000002e+00 3.746153999999999873e-01 2.922435999999999812e+00 -2.269231000000000026e-02
2.760769000000000140e-01 4.909614999999999813e-02 7.023589999999999556e-01 2.546153999999999974e-09 1.019614999999999938e+00 -1.210577000000000014e+00 -2.654487000000000041e+00 4.161538000000000181e-01 3.500385000000000080e+00 -4.653845999999999677e-02
2.802308000000000021e-01 5.178846000000000144e-02 6.006154000000000215e-01 1.930769000000000036e-09 8.457691999999999988e-01 2.480128000000000055e-01 -9.852564000000000322e-01 1.576923000000000075e-01 2.851666999999999952e+00 -1.038462000000000066e-02
3.762307999999999764e-01 4.167308000000000123e-02 7.245127999999999568e-01 1.499999999999999990e-09 9.419231000000000131e-01 -5.866025999999999740e-01 -5.192308000000000340e-02 3.592308000000000168e-01 3.736282000000000103e+00 4.705128000000000088e-02
2.650000000000000133e-01 4.882692000000000282e-02 6.400000000000000133e-01 2.166667000000000207e-09 1.091922999999999977e+00 -9.800640999999999936e-01 4.147435999999999900e-01 4.653845999999999816e-01 3.069872000000000156e+00 -2.653845999999999983e-02
3.305385000000000129e-01 5.059614999999999946e-02 7.466667000000000165e-01 1.346153999999999982e-09 9.580769000000000091e-01 -1.494231000000000031e-01 -2.475000000000000089e+00 3.307692000000000271e-02 2.645255999999999830e+00 -9.871794999999999182e-03
3.517692000000000041e-01 4.144231000000000303e-02 6.900513000000000341e-01 2.679487000000000096e-09 8.080768999999999869e-01 -6.740384999999999849e-01 -1.245513000000000092e+00 3.961538000000000004e-01 4.119614999999999583e+00 3.679487000000000035e-02
2.506922999999999790e-01 5.436537999999999787e-02 6.539487000000000494e-01 1.966667000000000070e-09 8.234614999999999574e-01 -8.687821000000000016e-01 -1.523717999999999906e+00 5.607691999999999677e-01 3.364743999999999957e+00 -2.525640999999999997e-02
2.959230999999999945e-01 4.067308000000000034e-02 7.458462000000000147e-01 1.658973999999999942e-09 9.865384999999999849e-01 -6.819872000000000156e-01 2.532051000000000163e-01 1.869231000000000087e-01 2.432948999999999806e+00 1.730769000000000057e-02
3.803846000000000172e-01 4.548076999999999676e-02 6.428717999999999932e-01 2.464102999999999923e-09 1.056537999999999977e+00 -1.096794999999999992e-01 -2.636537999999999826e+00 2.192308000000000034e-01 4.331922999999999746e+00 9.102564000000000488e-03
2.770000000000000240e-01 4.336538000000000198e-02 6.564103000000000021e-01 2.833332999999999898e-09 8.057691999999999632e-01 -1.079423000000000021e+00 -8.955127999999999977e-01 3.884615000000000151e-01 3.400128000000000039e+00 -3.807692000000000021e-02
2.913077000000000027e-01 4.867308000000000051e-02 7.306667000000000023e-01 2.033333000000000179e-09 1.096538000000000013e+00 -1.255768999999999913e-01 -2.627564000000000011e+00 5.461537999999999810e-02 3.954486999999999863e+00 -1.371794999999999959e-02
3.591538000000000230e-01 5.236538000000000304e-02 6.477948999999999513e-01 1.279486999999999968e-09 9.757692000000000032e-01 -5.468589999999999840e-01 -5.814103000000000465e-01 5.238462000000000396e-01 2.686538000000000093e+00 4.628204999999999819e-02
2.520768999999999926e-01 5.401923000000000141e-02 6.633845999999999909e-01 1.479486999999999898e-09 9.703846000000000416e-01 -3.839102999999999821e-01 1.365385000000000071e-01 5.992307999999999524e-01 3.323462000000000138e+00 1.089743999999999956e-02
3.106922999999999768e-01 4.686537999999999815e-02 7.573332999999999871e-01 2.469231000000000073e-09 1.027308000000000110e+00 -8.210897000000000334e-01 -1.209615000000000107e+00 2.846154000000000045e-02 2.828076999999999952e+00 -3.679487000000000035e-02
3.619230999999999976e-01 4.182691999999999660e-02 6.375385000000000080e-01 1.735897000000000049e-09 8.349999999999999645e-01 -2.130128000000000021e-01 -2.466025999999999829e+00 2.623076999999999770e-01 4.107821000000000389e+00 2.192308000000000104e-02
2.386922999999999961e-01 5.163461999999999913e-02 6.346667000000000280e-01 2.238461999999999957e-09 8.357691999999999899e-01 -2.371794999999999893e-03 -2.825000000000000178e+00 2.715385000000000160e-01 3.753973999999999922e+00 7.307692000000000181e-03
3.236153999999999975e-01 4.294230999999999743e-02 7.163076999999999916e-01 1.330769000000000040e-09 9.226923000000000208e-01 -1.190704999999999902e+00 -9.314103000000000243e-01 6.923076999999999703e-03 3.689102999999999799e+00 -2.628205000000000124e-02
3.702308000000000265e-01 4.863462000000000340e-02 7.056409999999999627e-01 2.628205000000000025e-09 1.048845999999999945e+00 -4.792949000000000237e-01 -2.403846000000000038e-01 5.346153999999999629e-01 2.716025999999999829e+00 3.397436000000000206e-02
2.322307999999999872e-01 4.117308000000000079e-02 6.289230999999999572e-01 2.700000000000000189e-09 1.018076999999999899e+00 -6.263461999999999641e-01 1.455127999999999977e-01 1.546153999999999862e-01 3.229102999999999835e+00 -1.089743999999999956e-02
2.996153999999999762e-01 5.405768999999999852e-02 6.781538000000000288e-01 1.489744000000000103e-09 9.449999999999999512e-01 -7.972436000000000522e-01 -1.891666999999999987e+00 4.192308000000000145e-01 4.302436000000000149e+00 4.858973999999999932e-02
3.669999999999999929e-01 4.586537999999999726e-02 7.561025999999999581e-01 1.828205000000000099e-09 8.511537999999999604e-01 -2.289103000000000110e-01 -1.792948999999999904e+00 3.376923000000000008e-01 2.320896999999999988e+00 -3.910256000000000148e-02
2.497691999999999968e-01 4.344230999999999787e-02 7.380512999999999657e-01 1.920513000000000149e-09 1.080384999999999929e+00 -1.032050999999999975e-02 -1.425000000000000044e+00 1.946153999999999940e-01 2.898845999999999812e+00 2.858973999999999890e-02
3.328461999999999810e-01 4.955769000000000146e-02 6.194872000000000156e-01 2.617949000000000138e-09 9.373076999999999659e-01 -6.462179000000000118e-01 -2.833973999999999993e+00 5.361538000000000137e-01 4.443973999999999869e+00 1.192308000000000083e-02
3.910000000000000142e-01 5.009614999999999901e-02 6.810256000000000087e-01 1.607692000000000077e-09 8.703845999999999528e-01 -1.011859000000000064e+00 -9.679487000000000507e-02 2.115384999999999904e-01 2.981409999999999894e+00 -4.782050999999999663e-02
2.248461999999999961e-01 4.567307999999999785e-02 6.945641000000000176e-01 1.274359000000000024e-09 9.142308000000000101e-01 -1.162884999999999946e+00 -1.066025999999999918e+00 4.130769000000000246e-01 2.385768999999999807e+00 -1.910256000000000107e-02
3.393076999999999899e-01 4.128845999999999905e-02 6.371282000000000334e-01 2.294872000000000179e-09 1.083461999999999925e+00 -6.700641000000000513e-01 -2.224358999999999920e-01 1.315385000000000026e-01 4.078332999999999764e+00 2.884615000000000096e-02
3.448461999999999916e-01 5.205768999999999674e-02 7.314872000000000041e-01 2.376922999999999817e-09 8.665384999999999893e-01 2.042949000000000015e-01 -2.914743999999999780e+00 3.392307999999999990e-01 3.618332999999999799e+00 -8.333333000000000060e-03
2.793076999999999921e-01 5.144230999999999804e-02 7.187691999999999970e-01 1.720513000000000012e-09 8.034615000000000506e-01 -1.136537999999999993e-01 -2.134614999999999985e-01 4.946153999999999828e-01 3.146538000000000057e+00 4.192308000000000145e-02
2.843845999999999874e-01 4.690384999999999693e-02 6.404102999999999879e-01 1.028204999999999966e-09 1.058076999999999934e+00 -4.912178999999999851e-01 -2.385256000000000043e+00 1.115384999999999988e-01 4.131409999999999805e+00 -1.602564000000000072e-02
3.693077000000000165e-01 4.317308000000000257e-02 6.744615000000000471e-01 2.935897000000000041e-09 9.019230999999999776e-01 -8.886538000000000492e-01 -1.631410000000000027e+00 3.192307999999999812e-01 2.368076999999999988e+00 -3.833332999999999879e-02
2.280768999999999991e-01 4.674999999999999989e-02 6.830768999999999869e-01 2.505128000000000203e-09 9.342308000000000279e-01 -5.801281999999999966e-02 -1.218590000000000062e+00 4.238462000000000063e-01 4.414487000000000272e+00 -4.935897000000000201e-02
2.806923000000000057e-01 5.013461999999999780e-02 6.387692000000000370e-01 1.776923000000000027e-09 8.857692000000000343e-01 -1.146986999999999979e+00 -2.591667000000000165e+00 3.946154000000000051e-01 2.202948999999999824e+00 2.576923000000000061e-02
3.771537999999999835e-01 4.440385000000000165e-02 7.372307999999999639e-01 1.141025999999999902e-09 1.051922999999999941e+00 -5.985255999999999910e-01 -3.750000000000000000e-01 4.846153999999999740e-02 3.435512999999999817e+00 8.846154000000000170e-03
2.442307999999999979e-01 4.113461999999999674e-02 7.064614999999999645e-01 1.402563999999999997e-09 9.211538000000000226e-01 3.339744000000000046e-02 -2.169871999999999801e+00 3.115384999999999960e-01 2.987308000000000074e+00 -3.782051000000000163e-02
3.120768999999999904e-01 5.332691999999999988e-02 6.260512999999999773e-01 2.797436000000000182e-09 8.449999999999999734e-01 -7.257050999999999918e-01 -1.110897000000000023e+00 5.269230999999999776e-01 2.438845999999999847e+00 2.320513000000000089e-02
3.453076999999999952e-01 4.763462000000000252e-02 7.323077000000000059e-01 2.100000000000000193e-09 1.044230999999999909e+00 -1.206603000000000092e+00 -2.493589999999999973e-01 1.238462000000000035e-01 4.326025999999999705e+00 1.474359000000000086e-02
2.645385000000000097e-01 4.355769000000000307e-02 6.092307999999999613e-01 1.443589999999999975e-09 9.511538000000000492e-01 -3.560897000000000090e-01 -1.909615000000000062e+00 1.923077000000000120e-02 2.615768999999999789e+00 2.692308000000000028e-03
2.991538000000000252e-01 5.167308000000000318e-02 7.167179000000000189e-01 2.458973999999999867e-09 1.088076999999999961e+00 8.903845999999999983e-02 -9.044872000000000467e-01 3.607692000000000121e-01 4.426281999999999606e+00 -1.961538000000000170e-02
3.480769000000000224e-01 4.898076999999999986e-02 7.048204999999999609e-01 2.038461999999999821e-09 8.473076999999999970e-01 -1.262243999999999922e+00 -4.019230999999999776e-01 5.407691999999999499e-01 3.028589999999999893e+00 3.628205000000000319e-02
2.423846000000000056e-01 4.390385000000000121e-02 6.338462000000000263e-01 1.817949000000000005e-09 9.673076999999999925e-01 -1.186730999999999980e+00 -5.096154000000000517e-01 3.846154000000000066e-03 3.211409999999999876e+00 2.397436000000000011e-02
2.825385000000000257e-01 4.671154000000000278e-02 7.015384999999999538e-01 2.520513000000000145e-09 8.096153999999999851e-01 -3.401923000000000030e-01 -2.331409999999999982e+00 5.207692000000000432e-01 2.609872000000000192e+00 -3.320512999999999937e-02
3.896154000000000006e-01 5.075000000000000344e-02 7.241026000000000407e-01 1.494872000000000047e-09 1.041922999999999933e+00 -1.017307999999999962e-01 -1.119871999999999979e+00 3.161537999999999848e-01 4.449872000000000050e+00 1.653846000000000135e-02
2.626922999999999897e-01 4.925000000000000211e-02 6.994871999999999757e-01 1.038461999999999965e-09 8.803845999999999616e-01 -1.891666999999999932e-01 -8.506409999999999805e-01 5.130768999999999469e-01 3.187821000000000016e+00 -4.576923000000000102e-02
3.028462000000000098e-01 4.005768999999999996e-02 7.117949000000000082e-01 2.243590000000000107e-09 1.052691999999999961e+00 -8.966026000000000273e-01 -2.367307999999999968e+00 2.384614999999999999e-02 3.901409999999999823e+00 1.153846000000000038e-03
3.831537999999999888e-01 5.294230999999999937e-02 6.145640999999999465e-01 2.566667000000000066e-09 9.411538000000000403e-01 -2.845513000000000070e-01 -5.724358999999999975e-01 2.823076999999999948e-01 2.951922999999999853e+00 4.679487000000000230e-02
2.539231000000000127e-01 5.201922999999999964e-02 6.469743999999999495e-01 2.658974000000000004e-09 1.098845999999999989e+00 -3.759615000000000040e-01 -2.196794999999999831e+00 4.776923000000000141e-01 3.677308000000000021e+00 -3.461538000000000115e-03
3.337691999999999881e-01 4.151922999999999725e-02 6.814358999999999833e-01 1.351281999999999925e-09 9.150000000000000355e-01 -2.448076999999999892e-01 -1.685897000000000090e-01 3.423076999999999925e-01 2.220641000000000087e+00 -3.705127999999999894e-02
3.586923000000000195e-01 4.748076999999999853e-02 7.376409999999999911e-01 2.207692000000000073e-09 8.303846000000000283e-01 -9.244231000000000531e-01 -1.433974000000000082e+00 8.538461999999999441e-02 4.349615000000000009e+00 2.935897000000000159e-02
2.230000000000000038e-01 5.290385000000000226e-02 6.211282000000000192e-01 1.756409999999999935e-09 1.016537999999999942e+00 -5.627564000000000455e-01 4.679487000000000230e-02 2.315385000000000082e-01 2.857563999999999993e+00 2.756410000000000110e-02
3.074614999999999987e-01 4.290385000000000032e-02 7.392821000000000531e-01 1.423077000000000089e-09 9.465384999999999494e-01 -1.178781999999999996e+00 -1.819871999999999934e+00 4.284614999999999951e-01 3.264486999999999917e+00 -4.807692000000000215e-02
3.503845999999999905e-01 4.801923000000000302e-02 6.695385000000000364e-01 2.976922999999999813e-09 8.403846000000000371e-01 1.750000000000000167e-02 -2.089103000000000154e+00 1.992308000000000134e-01 4.284743999999999886e+00 1.397435999999999991e-02
2.303845999999999949e-01 5.321154000000000162e-02 6.527178999999999620e-01 2.274359000000000087e-09 8.719230999999999510e-01 1.049358999999999986e-01 -1.101922999999999986e+00 4.961537999999999782e-01 2.539102999999999888e+00 5.000000000000000104e-03
3.360769000000000117e-01 4.621154000000000234e-02 6.785641000000000034e-01 1.464103000000000067e-09 1.093461999999999934e+00 -1.234423000000000048e+00 -4.826923000000000186e-01 3.530769000000000268e-01 3.358846000000000220e+00 4.833333000000000074e-02
3.457691999999999988e-01 4.455768999999999702e-02 7.199999999999999734e-01 2.412820999999999851e-09 9.111538000000000137e-01 -2.924999999999999822e-01 -2.582692000000000210e+00 3.923076999999999814e-02 4.355513000000000190e+00 -2.987178999999999876e-02
2.774615000000000276e-01 4.921153999999999806e-02 7.483077000000000201e-01 1.664102999999999997e-09 9.711537999999999560e-01 -3.044231000000000020e-01 -6.987179000000000306e-02 5.023077000000000236e-01 4.402692000000000050e+00 3.217948999999999810e-02
2.820769000000000193e-01 4.001923000000000286e-02 6.153845999999999483e-01 2.335897000000000045e-09 8.634614999999999929e-01 -9.378205000000000569e-02 -1.936538000000000093e+00 2.515384999999999982e-01 3.600640999999999980e+00 -4.038462000000000302e-02
3.729999999999999982e-01 5.478845999999999716e-02 6.748718000000000217e-01 1.900000000000000056e-09 1.031153999999999904e+00 -8.807051000000000185e-01 -1.685256000000000087e+00 1.000000000000000021e-02 2.774999999999999911e+00 -6.794872000000000412e-03
2.211538000000000115e-01 4.982691999999999677e-02 6.301537999999999862e-01 2.474358999999999810e-09 8.626922999999999675e-01 -5.031409999999999494e-01 -1.955127999999999866e-01 6.230768999999999891e-02 3.630128000000000021e+00 -1.346153999999999927e-02
3.263846000000000247e-01 4.374999999999999722e-02 7.421537999999999746e-01 1.484615000000000048e-09 9.011538000000000048e-01 -1.071474000000000038e+00 -2.708333000000000101e+00 3.130768999999999913e-01 3.748076999999999881e+00 4.269230999999999721e-02
3.651537999999999728e-01 5.105769000000000279e-02 6.670768999999999727e-01 1.853845999999999928e-09 1.084999999999999964e+00 -2.621795000000000028e-02 -9.673076999999999925e-01 5.869231000000000309e-01 2.680641000000000052e+00 -1.935896999999999965e-02
2.479231000000000074e-01 4.701923000000000213e-02 6.925128000000000394e-01 2.366666999999999930e-09 8.419231000000000353e-01 1.168590000000000045e-01 -1.757050999999999918e+00 8.846154000000000517e-02 2.946025999999999812e+00 -4.346153999999999989e-02
3.342307999999999946e-01 4.209614999999999885e-02 6.034872000000000014e-01 1.187178999999999918e-09 1.025768999999999931e+00 -5.150641000000000247e-01 -6.173077000000000147e-01 4.899999999999999911e-01 3.919102999999999781e+00 -7.051281999999999862e-03
3.434614999999999752e-01 5.263462000000000002e-02 7.454359000000000401e-01 2.058974000000000008e-09 9.957692000000000210e-01 -1.107243999999999895e+00 -1.882692000000000032e+00 2.099999999999999922e-01 3.288076999999999916e+00 4.987178999999999918e-02
2.391537999999999997e-01 5.117308000000000273e-02 7.097436000000000300e-01 1.125640999999999960e-09 1.073461999999999916e+00 -5.309614999999999752e-01 -1.640384999999999982e+00 2.284615000000000118e-01 2.356282000000000210e+00 -4.487178999999999994e-03
2.968462000000000045e-01 4.713462000000000207e-02 6.441025999999999696e-01 2.638461999999999817e-09 9.103845999999999883e-01 -1.111218000000000039e+00 -1.865384999999999960e-01 1.669230999999999909e-01 4.249359000000000108e+00 4.961538000000000059e-02
3.891537999999999942e-01 4.428846000000000172e-02 6.629743999999999637e-01 2.228205000000000165e-09 8.649999999999999911e-01 -3.416667000000000315e-02 -2.259615000000000151e+00 4.546154000000000028e-01 3.624230999999999980e+00 -4.320513000000000131e-02
2.516153999999999891e-01 4.948077000000000031e-02 7.478974000000000455e-01 1.997436000000000049e-09 8.219231000000000176e-01 -5.071153999999999940e-01 -2.852564000000000211e-01 2.469231000000000065e-01 2.397564000000000028e+00 -3.371794999999999654e-02
2.853076999999999974e-01 4.255769000000000218e-02 6.227692000000000228e-01 2.341026000000000101e-09 9.734614999999999796e-01 1.883973999999999926e-01 -1.191667000000000032e+00 5.769230999999999665e-02 4.096026000000000167e+00 2.782050999999999968e-02
3.799231000000000136e-01 5.017308000000000184e-02 6.912821000000000105e-01 1.648718000000000055e-09 1.061153999999999931e+00 -1.143013000000000057e+00 -2.690385000000000026e+00 5.007692000000000254e-01 3.234999999999999876e+00 1.346153999999999927e-02
2.710000000000000187e-01 5.198077000000000253e-02 6.793846000000000052e-01 1.176923000000000031e-09 9.380768999999999913e-01 -7.654486999999999819e-01 -2.277563999999999922e+00 4.230769000000000196e-02 2.969615000000000116e+00 4.243589999999999862e-02
3.314615000000000200e-01 4.132692000000000310e-02 6.182564000000000393e-01 2.930768999999999891e-09 1.050384999999999902e+00 -9.323717999999999728e-01 -5.993589999999999751e-01 3.823076999999999726e-01 2.904743999999999993e+00 -9.102564000000000488e-03
3.406923000000000035e-01 4.913461999999999691e-02 7.388717999999999675e-01 1.802564000000000063e-09 8.565384999999999804e-01 8.108973999999999349e-02 -1.057050999999999963e+00 5.161537999999999959e-01 4.267051000000000371e+00 -3.935897000000000007e-02
2.530000000000000027e-01 4.448077000000000281e-02 6.699486999999999526e-01 2.705127999999999925e-09 1.097307999999999950e+00 -8.568590000000000373e-01 -2.268590000000000106e+00 2.423076999999999870e-01 3.058076999999999934e+00 3.935897000000000007e-02
3.259231000000000211e-01 5.340385000000000271e-02 6.239999999999999991e-01 1.833333000000000042e-09 9.080768999999999647e-01 -1.732692000000000121e-01 -1.137820999999999971e+00 4.299999999999999933e-01 4.479358999999999646e+00 -3.653846000000000177e-02
3.609999999999999876e-01 4.571154000000000189e-02 7.368204999999999893e-01 1.305128000000000004e-09 8.342308000000000501e-01 -7.495513000000000314e-01 -5.006410000000000027e-01 6.076923000000000047e-02 2.332692000000000210e+00 -8.589743999999999852e-03
2.451538000000000050e-01 5.001922999999999786e-02 6.711795000000000400e-01 1.761538000000000085e-09 8.119231000000000087e-01 -3.878846000000000238e-01 -4.294872000000000273e-02 4.930768999999999846e-01 4.491153999999999868e+00 -1.705127999999999852e-02
2.829999999999999738e-01 4.424999999999999767e-02 7.277949000000000224e-01 2.448717999999999981e-09 1.062691999999999970e+00 -1.282114999999999894e+00 -8.416666999999999899e-01 3.469230999999999843e-01 2.338589999999999947e+00 -1.153846000000000038e-03
3.951537999999999995e-01 4.755768999999999969e-02 6.026666999999999996e-01 1.576923000000000098e-09 9.473076999999999748e-01 -2.224359000000000058e-02 -2.340384999999999938e+00 1.515384999999999927e-01 3.052179000000000197e+00 1.884614999999999901e-02
2.493076999999999932e-01 5.459615000000000301e-02 7.105641000000000318e-01 2.069230999999999800e-09 8.765384999999999982e-01 -1.226474000000000064e+00 -1.721154000000000073e+00 1.715385000000000104e-01 2.704231000000000051e+00 -3.974359000000000225e-03
3.019230999999999998e-01 4.148077000000000014e-02 6.358973999999999460e-01 2.869230999999999933e-09 1.014999999999999902e+00 -3.163462000000000218e-01 -2.035255999999999954e+00 4.315384999999999915e-01 3.942692000000000085e+00 4.397435999999999706e-02
3.905385000000000106e-01 4.551923000000000080e-02 6.990769000000000011e-01 1.084614999999999982e-09 9.857692000000000121e-01 -1.826923000000000089e-02 -4.557691999999999855e-01 2.407691999999999888e-01 3.582949000000000161e+00 -4.397435999999999706e-02
2.465384999999999938e-01 5.398076999999999737e-02 7.310769000000000295e-01 1.935897000000000186e-09 8.950000000000000178e-01 2.440384999999999915e-01 -1.048076999999999925e+00 3.407691999999999943e-01 3.836538000000000004e+00 -4.230768999999999676e-03
3.125384999999999969e-01 4.055769000000000041e-02 6.305640999999999607e-01 1.310255999999999947e-09 9.480769000000000002e-01 -7.416026000000000007e-01 -5.634614999999999485e-01 4.792308000000000123e-01 2.662948999999999788e+00 4.166667000000000287e-02
3.817691999999999752e-01 4.605768999999999835e-02 6.834871999999999614e-01 2.664103000000000059e-09 1.020385000000000097e+00 -9.085256000000000443e-01 -2.771154000000000117e+00 3.615385000000000126e-02 3.181922999999999835e+00 -3.243589999999999668e-02
2.756154000000000104e-01 5.455768999999999896e-02 7.076923000000000519e-01 2.823077000000000011e-09 9.642308000000000545e-01 -3.441666999999999921e-01 -1.712178999999999895e+00 1.207691999999999932e-01 3.641922999999999799e+00 -4.423077000000000258e-02
3.180768999999999957e-01 4.359615000000000018e-02 6.728205000000000435e-01 1.699999999999999920e-09 8.573077000000000059e-01 1.128846000000000016e-01 -3.660256000000000065e-01 5.038462000000000218e-01 4.272948999999999664e+00 3.602563999999999766e-02
3.526923000000000141e-01 4.505768999999999747e-02 6.121026000000000522e-01 1.428205000000000033e-09 1.026537999999999951e+00 -1.270191999999999988e+00 -2.232692000000000121e+00 2.438462000000000129e-01 2.503718000000000110e+00 6.538462000000000093e-03
2.294615000000000127e-01 4.825000000000000122e-02 6.555897000000000530e-01 1.320512999999999946e-09 9.396153999999999895e-01 1.804486999999999897e-01 -2.448077000000000059e+00 2.869230999999999865e-01 2.544999999999999929e+00 3.551282000000000050e-02
3.185385000000000022e-01 4.486538000000000331e-02 6.473845999999999767e-01 1.725640999999999956e-09 8.873077000000000325e-01 -1.051603000000000065e+00 -1.326923000000000130e-01 5.823076999999999837e-01 3.494486999999999899e+00 -4.628204999999999819e-02
3.577692000000000094e-01 5.128846000000000099e-02 7.569230999999999598e-01 2.848717999999999840e-09 1.001154000000000099e+00 -4.713461999999999930e-01 -1.317307999999999923e+00 5.615384999999999821e-02 3.907308000000000003e+00 8.589743999999999852e-03
2.469999999999999973e-01 4.771153999999999673e-02 6.818461999999999579e-01 2.633333000000000175e-09 9.665384999999999671e-01 -1.059550999999999910e+00 2.083332999999999990e-01 4.176923000000000163e-01 4.237563999999999886e+00 -3.884615000000000290e-02
2.954614999999999880e-01 5.078846000000000055e-02 6.133332999999999702e-01 1.289743999999999967e-09 1.048076999999999925e+00 -4.435256000000000198e-01 -2.744231000000000087e+00 3.715384999999999938e-01 2.839872000000000174e+00 3.038462000000000107e-02
3.914615000000000178e-01 4.474999999999999811e-02 7.581537999999999888e-01 1.946153999999999978e-09 8.149999999999999467e-01 2.147436000000000136e-02 -7.967948999999999726e-01 1.453846000000000027e-01 3.341153999999999957e+00 8.333333000000000060e-03
2.239231000000000138e-01 5.136538000000000215e-02 7.405127999999999711e-01 2.043589999999999971e-09 9.088462000000000485e-01 -1.533973999999999893e-01 -2.187821000000000016e+00 1.484614999999999962e-01 2.409358999999999806e+00 1.679486999999999994e-02
3.226922999999999875e-01 4.398077000000000236e-02 6.687178999999999762e-01 1.048718000000000059e-09 8.296154000000000028e-01 -9.681410000000000293e-01 -6.083332999999999657e-01 4.884614999999999929e-01 4.172691999999999624e+00 1.499999999999999944e-02
3.748462000000000183e-01 4.840384999999999827e-02 6.354872000000000298e-01 2.971795000000000076e-09 1.055768999999999957e+00 -3.242948999999999971e-01 -1.514744000000000090e+00 3.915385000000000115e-01 3.547563999999999940e+00 -4.166667000000000287e-02
2.368462000000000067e-01 5.494231000000000115e-02 7.134359000000000117e-01 1.792307999999999970e-09 1.071922999999999959e+00 -3.680127999999999733e-01 -1.739103000000000065e+00 1.930768999999999957e-01 3.665512999999999799e+00 3.064102999999999966e-02
3.370000000000000218e-01 4.501923000000000036e-02 6.506667000000000423e-01 1.233333000000000046e-09 8.003846000000000016e-01 -1.692948999999999982e-01 -2.017307999999999879e+00 2.007692000000000088e-01 2.816282000000000174e+00 -3.551282000000000050e-02
3.683846000000000065e-01 4.263461999999999807e-02 6.740513000000000199e-01 2.587178999999999840e-09 9.634614999999999707e-01 -1.286089999999999955e+00 6.474359000000000364e-02 4.453846000000000194e-01 3.972179000000000126e+00 1.115384999999999988e-02
2.446923000000000015e-01 5.124999999999999695e-02 6.235897000000000245e-01 1.976922999999999957e-09 8.065385000000000471e-01 -8.767308000000000323e-01 -1.496795000000000098e+00 3.484614999999999796e-01 3.423718000000000039e+00 4.756409999999999805e-02
3.153077000000000241e-01 4.044231000000000215e-02 7.290256000000000514e-01 1.253845999999999932e-09 9.280768999999999824e-01 -4.157050999999999941e-01 -3.929486999999999841e-01 4.607691999999999899e-01 4.213974000000000331e+00 -3.525641000000000191e-02
3.960769000000000095e-01 4.859614999999999768e-02 6.637948999999999655e-01 2.356410000000000138e-09 1.091153999999999957e+00 -1.216026000000000051e-01 -2.349359000000000197e+00 1.792307999999999957e-01 2.450641000000000069e+00 1.923077000000000033e-03
2.788461999999999885e-01 4.409615000000000062e-02 7.556922999999999835e-01 2.151281999999999851e-09 1.081153999999999948e+00 -6.859615000000000018e-01 -1.290384999999999893e+00 3.438461999999999907e-01 4.219871999999999623e+00 -4.551282000000000244e-02
2.857692000000000010e-01 5.232691999999999899e-02 6.949743999999999922e-01 1.012820999999999929e-09 8.549999999999999822e-01 -3.814102999999999938e-02 -2.673076999999999814e-01 1.346153999999999962e-01 2.580385000000000151e+00 -1.923077000000000033e-03
3.725384999999999946e-01 4.540385000000000254e-02 6.231794999999999973e-01 2.802563999999999919e-09 9.057692000000000521e-01 -9.721153999999999629e-01 -1.990385000000000071e+00 4.038461999999999885e-01 3.152435999999999794e+00 4.089744000000000018e-02
2.290000000000000091e-01 4.744231000000000142e-02 6.486153999999999531e-01 2.494871999999999902e-09 9.773077000000000014e-01 -9.760896999999999490e-01 -2.681410000000000071e+00 5.153846000000000122e-02 3.093462000000000156e+00 -1.576922999999999866e-02
3.346922999999999981e-01 4.378846000000000127e-02 6.822563999999999851e-01 1.099999999999999924e-09 8.180768999999999957e-01 -1.176282000000000022e-01 -1.604486999999999997e+00 4.976922999999999764e-01 2.456538000000000110e+00 2.551281999999999855e-02
3.757692000000000254e-01 5.298077000000000342e-02 7.318974000000000313e-01 2.258974000000000145e-09 1.011922999999999906e+00 -6.660897000000000068e-01 2.262821000000000138e-01 3.992307999999999968e-01 4.060641000000000389e+00 -2.448718000000000075e-02
2.553077000000000263e-01 4.059614999999999752e-02 6.666666999999999454e-01 2.530769000000000032e-09 9.573076999999999837e-01 2.122436000000000045e-01 -6.980769000000000002e-01 2.546153999999999917e-01 2.303205000000000169e+00 -1.884614999999999901e-02
3.023846000000000034e-01 5.463462000000000179e-02 7.216409999999999769e-01 1.941025999999999828e-09 8.726922999999999764e-01 -3.322435999999999723e-01 -2.519871999999999890e+00 3.153845999999999733e-02 4.025255999999999723e+00 1.935896999999999965e-02
3.720768999999999882e-01 4.967308000000000140e-02 6.326154000000000499e-01 1.617949000000000076e-09 1.030385000000000106e+00 -1.222499999999999920e+00 -3.301281999999999828e-01 5.853846000000000327e-01 3.523973999999999940e+00 -3.717948999999999907e-03
2.636153999999999997e-01 4.048076999999999925e-02 6.674871999999999472e-01 1.905128000000000207e-09 9.965384999999999938e-01 -1.182755999999999919e+00 -1.335255999999999998e+00 2.915384999999999782e-01 4.337820999999999927e+00 3.705127999999999894e-02
3.351538000000000017e-01 4.963461999999999735e-02 6.412307999999999897e-01 1.058973999999999946e-09 1.046537999999999968e+00 -8.185897000000000312e-02 -1.837820999999999927e+00 1.161538000000000015e-01 2.621666999999999970e+00 -3.217948999999999810e-02
3.540769000000000277e-01 5.086538000000000170e-02 7.331282000000000076e-01 2.915384999999999854e-09 8.334614999999999663e-01 -2.964744000000000268e-01 -5.365385000000000293e-01 5.253845999999999794e-01 3.140641000000000016e+00 -1.243589999999999973e-02
2.622307999999999861e-01 5.040385000000000004e-02 6.215384999999999938e-01 1.597435999999999983e-09 9.688461999999999907e-01 -6.303204999999999503e-01 -2.923718000000000039e+00 4.530769000000000046e-01 3.694999999999999840e+00 -4.961538000000000059e-02
2.926923000000000163e-01 4.721154000000000323e-02 7.593845999999999652e-01 1.838462000000000098e-09 8.373076999999999881e-01 -8.528845999999999927e-01 4.596154000000000073e-01 2.176923000000000052e-01 4.137307999999999986e+00 3.846154000000000174e-04
3.416154000000000135e-01 4.078845999999999861e-02 6.543590000000000240e-01 2.597436000000000045e-09 1.034999999999999920e+00 -1.971153999999999962e-01 -1.254486999999999908e+00 1.976922999999999875e-01 2.533205000000000151e+00 3.910256000000000148e-02
2.234615000000000073e-01 4.648076999999999764e-02 6.957948999999999939e-01 2.433333000000000038e-09 8.688462000000000129e-01 -2.607051000000000229e-01 -1.622435999999999989e+00 5.453845999999999972e-01 4.296537999999999968e+00 3.730768999999999752e-02
3.231537999999999911e-01 4.244230999999999698e-02 6.268717999999999790e-01 2.064103000000000063e-09 1.018845999999999918e+00 -4.276282000000000139e-01 -2.842948999999999948e+00 2.223076999999999970e-01 2.639358999999999789e+00 -4.141025999999999735e-02
3.582308000000000159e-01 5.440384999999999666e-02 7.442050999999999528e-01 1.110256000000000017e-09 9.334615000000000551e-01 -8.131410000000000027e-01 -3.391025999999999763e-01 1.269231000000000109e-01 3.565256000000000203e+00 4.743589999999999786e-03
2.437691999999999914e-01 5.209615000000000079e-02 6.703590000000000382e-01 1.212821000000000066e-09 9.565384999999999582e-01 -5.006410000000000027e-02 -2.250640999999999892e+00 5.546153999999999806e-01 4.101923000000000208e+00 7.051281999999999862e-03
3.134615000000000040e-01 4.828845999999999833e-02 6.276922999999999808e-01 2.223077000000000015e-09 1.036537999999999959e+00 -1.099294999999999911e+00 -3.480769000000000224e-01 1.915385000000000004e-01 2.208845999999999865e+00 3.141026000000000235e-02
3.402307999999999999e-01 4.251922999999999814e-02 7.429744000000000348e-01 2.417949000000000001e-09 8.157691999999999721e-01 -5.587820999999999483e-01 -9.403846000000000149e-01 2.161538000000000070e-01 3.559359000000000162e+00 -4.833333000000000074e-02
2.608461999999999725e-01 4.944231000000000320e-02 6.806153999999999815e-01 1.223076999999999953e-09 1.064230999999999927e+00 -4.475000000000000089e-01 -3.397436000000000206e-02 4.346153999999999851e-01 4.343717999999999968e+00 -2.346153999999999948e-02
3.268461999999999756e-01 5.394231000000000026e-02 7.093333000000000554e-01 2.746154000000000110e-09 8.996153999999999540e-01 -5.403846000000000344e-02 -2.133973999999999815e+00 3.838462000000000263e-01 2.226538000000000128e+00 1.858974000000000043e-02
3.813077000000000272e-01 4.025000000000000105e-02 6.285127999999999826e-01 1.674359000000000091e-09 9.034615000000000284e-01 -8.648076999999999570e-01 -1.766026000000000096e+00 1.615385000000000085e-02 3.063973999999999975e+00 -1.269231000000000005e-02
2.737691999999999903e-01 5.224999999999999784e-02 6.588718000000000075e-01 2.515384999999999995e-09 1.038076999999999916e+00 -5.945513000000000048e-01 -5.455128000000000199e-01 1.769230999999999929e-02 4.467564000000000313e+00 1.756409999999999916e-02
2.940768999999999744e-01 4.740384999999999738e-02 7.532307999999999781e-01 1.474358999999999954e-09 9.442308000000000368e-01 2.400641000000000025e-01 -7.429487000000000174e-01 3.976922999999999986e-01 2.344486999999999988e+00 4.487178999999999994e-03
3.882307999999999870e-01 4.271153999999999923e-02 6.104614999999999903e-01 1.982051000000000107e-09 8.903845999999999705e-01 -1.043654000000000082e+00 -2.151923000000000030e+00 4.915384999999999893e-01 3.512179000000000162e+00 -2.089743999999999977e-02
2.202308000000000043e-01 5.309615000000000168e-02 7.298462000000000005e-01 1.535896999999999913e-09 9.357691999999999677e-01 -7.336538000000000226e-01 -7.051281999999999862e-03 4.076922999999999658e-02 3.541666999999999899e+00 -6.538462000000000093e-03
3.383845999999999798e-01 4.436538000000000287e-02 6.141537999999999720e-01 1.987178999999999844e-09 1.087307999999999941e+00 -1.103269000000000055e+00 -2.510896999999999935e+00 3.315385000000000137e-01 3.948589999999999822e+00 -2.064103000000000118e-02
3.494614999999999805e-01 4.532691999999999971e-02 6.929231000000000140e-01 2.653845999999999854e-09 8.734615000000000018e-01 2.360897000000000134e-01 -8.237179000000000029e-01 4.623076999999999881e-01 2.592178999999999789e+00 3.448717999999999922e-02
2.686922999999999950e-01 4.236538000000000109e-02 7.232821000000000389e-01 1.361538000000000019e-09 8.557692000000000077e-01 -5.667307999999999790e-01 3.070513000000000270e-01 5.423076999999999481e-01 2.804486999999999952e+00 1.064102999999999924e-02
3.139231000000000105e-01 4.940384999999999915e-02 6.843076999999999632e-01 1.889744000000000169e-09 1.028076999999999908e+00 1.566026000000000085e-01 -2.851923000000000208e+00 7.461537999999999504e-02 3.293973999999999958e+00 4.346153999999999989e-02
3.508461999999999970e-01 5.109614999999999990e-02 6.256410000000000027e-01 2.812821000000000124e-09 9.611537999999999471e-01 -1.298013000000000083e+00 -1.200641000000000069e+00 3.653846000000000038e-01 4.054744000000000348e+00 -2.500000000000000139e-02
2.566922999999999844e-01 4.471154000000000101e-02 7.282051000000000496e-01 2.197436000000000186e-09 8.588462000000000041e-01 8.506410000000000360e-02 -2.807050999999999963e+00 1.638461999999999974e-01 3.588846000000000203e+00 3.833332999999999879e-02
3.060768999999999851e-01 4.513462000000000029e-02 6.761025999999999980e-01 2.582051000000000103e-09 9.234615000000000462e-01 -6.064743999999999691e-01 3.250000000000000111e-01 5.623076999999999659e-01 2.232435999999999865e+00 -2.012821000000000055e-02
3.485384999999999733e-01 5.367307999999999801e-02 6.330255999999999661e-01 1.571794999999999947e-09 1.063461999999999907e+00 -1.119167000000000023e+00 -1.451923000000000075e+00 2.207691999999999988e-01 4.290640999999999927e+00 6.282051000000000301e-03
2.617691999999999797e-01 5.051922999999999830e-02 6.174359000000000375e-01 2.428204999999999888e-09 1.090384999999999938e+00 -4.991667000000000187e-01 -6.621795000000000320e-01 5.384614999999999714e-03 2.916538000000000075e+00 -1.474359000000000086e-02
3.300769000000000064e-01 4.832692000000000238e-02 6.736410000000000453e-01 1.264102999999999931e-09 8.026923000000000252e-01 -1.290064000000000100e+00 -2.142949000000000215e+00 4.469231000000000176e-01 3.046282000000000156e+00 -2.243590000000000168e-02
3.466923000000000088e-01 4.405768999999999658e-02 7.507692000000000254e-01 2.182050999999999830e-09 9.350000000000000533e-01 1.724999999999999867e-01 -1.586538000000000004e+00 2.700000000000000178e-01 4.373204999999999565e+00 3.961537999999999865e-02
2.396154000000000062e-01 4.313461999999999852e-02 7.327179000000000331e-01 1.633332999999999906e-09 9.849999999999999867e-01 2.544872000000000106e-02 -2.026282000000000139e+00 3.561538000000000204e-01 4.497050999999999910e+00 -3.846154000000000174e-04
3.033077000000000134e-01 5.113461999999999869e-02 6.391795000000000115e-01 1.679487000000000034e-09 8.249999999999999556e-01 -5.428846000000000505e-01 -1.057691999999999938e-01 4.438462000000000240e-01 2.267821000000000087e+00 -3.038462000000000107e-02
3.850000000000000089e-01 4.786537999999999904e-02 6.678973999999999744e-01 2.899999999999999912e-09 1.068845999999999963e+00 -9.840385000000000382e-01 -1.362179000000000029e+00 1.007692000000000032e-01 3.223205000000000098e+00 3.089744000000000171e-02
2.571537999999999879e-01 4.121153999999999790e-02 6.875896999999999704e-01 2.561538000000000011e-09 8.388461999999999863e-01 -4.316026000000000029e-01 -4.737179000000000251e-01 1.530768999999999880e-01 4.379102999999999746e+00 -1.282051000000000035e-04
3.102307999999999732e-01 5.490384999999999710e-02 6.170255999999999519e-01 2.264103000000000200e-09 1.034230999999999900e+00 1.089103000000000016e-01 -2.160896999999999846e+00 2.684615000000000196e-01 2.999102999999999852e+00 -2.782050999999999968e-02
3.439230999999999816e-01 4.663462000000000163e-02 7.487179000000000473e-01 1.023077000000000023e-09 9.619231000000000309e-01 -9.999358999999999886e-01 -1.389102999999999977e+00 4.515385000000000093e-01 2.527308000000000110e+00 2.628205000000000124e-02
2.700769000000000086e-01 5.101922999999999875e-02 6.908718000000000359e-01 2.864103000000000196e-09 9.765384999999999760e-01 -1.258269000000000082e+00 1.096154000000000017e-01 8.230769000000000279e-02 3.199615000000000098e+00 1.282051000000000035e-04
3.208462000000000258e-01 4.340385000000000076e-02 6.309744000000000463e-01 2.289744000000000029e-09 8.519231000000000442e-01 1.602563999999999898e-03 -2.762179000000000162e+00 2.807691999999999966e-01 2.444744000000000028e+00 2.115384999999999835e-02
3.536154000000000241e-01 4.917308000000000096e-02 7.126154000000000099e-01 1.033332999999999910e-09 1.003462000000000076e+00 -6.621154000000000206e-01 -1.478846000000000105e+00 5.930769000000000180e-01 4.155000000000000249e+00 -2.371795000000000153e-02
2.276153999999999955e-01 4.305769000000000263e-02 6.252307999999999755e-01 2.079487000000000100e-09 1.010385000000000089e+00 -6.346153999999999684e-03 -2.932691999999999855e+00 2.653846000000000260e-01 3.683205000000000062e+00 1.410255999999999923e-03
2.885384999999999756e-01 4.951922999999999742e-02 7.183589999999999698e-01 1.171795000000000088e-09 9.788461999999999996e-01 -9.522435999999999678e-01 9.166667000000000565e-02 1.176922999999999997e-01 2.550896999999999970e+00 -4.089744000000000018e-02
3.900769000000000042e-01 5.313462000000000046e-02 6.962051000000000212e-01 2.484615000000000110e-09 8.850000000000000089e-01 -6.899359000000000464e-01 -9.493589999999999529e-01 4.869230999999999976e-01 4.190385000000000026e+00 3.576922999999999908e-02
2.691537999999999986e-01 5.159615000000000035e-02 7.524102999999999764e-01 2.756409999999999997e-09 1.079614999999999991e+00 -5.230128000000000554e-01 -8.057691999999999632e-01 2.930768999999999735e-01 2.881153999999999993e+00 3.269231000000000220e-02
3.097692000000000223e-01 4.221153999999999878e-02 6.580513000000000057e-01 1.146154000000000052e-09 9.196153999999999717e-01 -1.335255999999999943e-01 -2.735256000000000132e+00 5.146153999999999451e-01 4.031153999999999904e+00 -2.141026000000000040e-02
3.420769000000000171e-01 4.851923000000000347e-02 6.108717999999999648e-01 2.217948999999999865e-09 8.226923000000000430e-01 -1.055576999999999988e+00 2.711538000000000004e-01 6.692307999999999590e-02 3.394230999999999998e+00 -9.358974000000000806e-03
2.742307999999999968e-01 5.021153999999999895e-02 6.596923000000000092e-01 1.007692000000000081e-09 8.442307999999999479e-01 -9.124999999999999778e-01 2.621795000000000098e-01 3.284615000000000173e-01 3.075769000000000197e+00 3.371794999999999654e-02
3.213076999999999739e-01 4.794231000000000187e-02 7.462564000000000419e-01 2.997435999999999905e-09 9.719231000000000398e-01 -7.614743999999999957e-01 -2.286538000000000181e+00 5.484615000000000462e-01 2.586282000000000192e+00 -8.846154000000000170e-03
3.462308000000000052e-01 4.363461999999999896e-02 6.018461999999999978e-01 1.951282000000000128e-09 1.084230999999999945e+00 -1.931410000000000071e-01 -1.236537999999999915e+00 7.769231000000000054e-02 3.789359000000000144e+00 -3.294872000000000078e-02
2.594615000000000116e-01 4.201922999999999769e-02 6.650255999999999945e-01 1.371795000000000018e-09 1.086538000000000004e+00 -9.482692000000000343e-01 -1.030127999999999933e+00 2.069230999999999987e-01 2.963718000000000075e+00 -3.756410000000000304e-02
3.079231000000000051e-01 5.432692000000000077e-02 6.465640999999999750e-01 2.817948999999999861e-09 9.557691999999999855e-01 -4.196794999999999831e-01 -1.416667000000000065e-01 5.915384999999999671e-01 3.783462000000000103e+00 -1.012821000000000034e-02
3.946922999999999959e-01 4.598076999999999720e-02 7.212307999999999497e-01 1.858974000000000078e-09 8.750000000000000000e-01 -2.567307999999999812e-01 -2.977564000000000100e+00 1.807691999999999910e-01 3.040385000000000115e+00 3.166667000000000093e-02
2.317692000000000085e-01 5.044230999999999715e-02 6.642050999999999927e-01 2.310255999999999803e-09 8.619231000000000531e-01 -1.202628000000000030e+00 3.519230999999999887e-01 4.253846000000000016e-01 2.810385000000000133e+00 3.717948999999999907e-03
3.190000000000000058e-01 4.228845999999999994e-02 6.112821000000000504e-01 1.448717999999999918e-09 1.043461999999999890e+00 -5.389102999999999533e-01 -2.501923000000000119e+00 1.838461999999999874e-01 3.877820999999999962e+00 4.474358999999999975e-02
3.716153999999999846e-01 4.767307999999999962e-02 7.577435999999999616e-01 2.423077000000000152e-09 9.980769000000000446e-01 1.486538000000000026e-01 -1.442949000000000037e+00 2.746154000000000095e-01 3.317563999999999957e+00 -4.474358999999999975e-02
2.253076999999999996e-01 4.632692000000000060e-02 7.072821000000000247e-01 1.135897000000000053e-09 9.842307999999999613e-01 -3.918590000000000129e-01 -1.272435999999999900e+00 5.500000000000000444e-01 2.751409999999999911e+00 3.987178999999999723e-02
2.977692000000000117e-01 4.309614999999999974e-02 6.297435999999999590e-01 2.023076999999999879e-09 8.696154000000000384e-01 -1.254294999999999938e+00 -2.421154000000000028e+00 1.684614999999999863e-01 3.995769000000000126e+00 -3.474358999999999781e-02
3.734615000000000018e-01 5.467307999999999890e-02 6.855385000000000506e-01 2.889744000000000025e-09 1.035768999999999940e+00 4.532051000000000135e-02 -4.288462000000000107e-01 2.946154000000000273e-01 3.105255999999999794e+00 -5.769230999999999665e-03
2.266923000000000132e-01 5.244230999999999893e-02 6.219487000000000210e-01 2.838461999999999953e-09 9.488461999999999730e-01 -9.363462000000000174e-01 -1.676282000000000050e+00 3.269231000000000220e-01 4.037050999999999945e+00 1.987179000000000029e-02
3.397691999999999934e-01 4.451922999999999991e-02 7.528205000000000036e-01 1.341026000000000038e-09 8.957692000000000432e-01 -4.608973999999999710e-02 -2.053205000000000169e+00 5.899999999999999689e-01 3.671409999999999840e+00 1.628204999999999930e-02
3.836153999999999953e-01 4.790384999999999782e-02 6.884103000000000305e-01 2.156410000000000001e-09 1.069614999999999982e+00 -6.183973999999999860e-01 1.993590000000000084e-01 1.023077000000000014e-01 2.379872000000000209e+00 -2.320513000000000089e-02
2.382307999999999926e-01 4.217308000000000168e-02 6.084102999999999595e-01 1.848717999999999985e-09 1.076537999999999995e+00 -8.290385000000000115e-01 -1.398077000000000014e+00 4.638461999999999863e-01 3.164231000000000016e+00 1.269231000000000005e-02
3.277691999999999828e-01 5.213461999999999957e-02 7.446154000000000384e-01 1.628204999999999962e-09 8.050000000000000488e-01 -6.780127999999999711e-01 -2.008332999999999924e+00 2.992308000000000190e-01 2.403462000000000209e+00 2.910255999999999954e-02
3.928461999999999787e-01 4.736537999999999859e-02 6.765128000000000252e-01 2.612820999999999988e-09 9.873077000000000103e-01 9.551281999999999481e-03 -5.275640999999999803e-01 5.923077000000000203e-02 4.202179000000000109e+00 -3.448717999999999922e-02
2.728461999999999832e-01 4.528846000000000260e-02 7.536410000000000053e-01 2.715385000000000131e-09 8.542307999999999568e-01 -5.269871999999999890e-01 -1.237179000000000056e-01 3.099999999999999978e-01 3.122949000000000197e+00 4.064103000000000160e-02
2.871538000000000146e-01 5.409615000000000257e-02 6.149744000000000321e-01 1.541025999999999968e-09 9.919230999999999465e-01 2.942308000000000076e-02 -1.927564000000000055e+00 1.730769000000000057e-01 4.208077000000000290e+00 1.320513000000000069e-02
3.983845999999999776e-01 4.444230999999999876e-02 6.769230999999999998e-01 1.971794999999999807e-09 1.061922999999999950e+00 -9.919871999999999579e-01 -1.568589999999999929e+00 4.407692000000000276e-01 2.822179000000000215e+00 -4.910256000000000343e-02
2.746923000000000004e-01 4.194230999999999654e-02 7.520000000000000018e-01 2.551282000000000124e-09 9.188461999999999463e-01 9.301281999999999606e-02 -7.339744000000000268e-01 2.538462000000000010e-02 3.246795000000000098e+00 2.435896999999999802e-03
2.949999999999999845e-01 5.475000000000000006e-02 6.646153999999999673e-01 1.248717999999999989e-09 8.911537999999999959e-01 -1.031730999999999954e+00 3.160256000000000176e-01 3.053846000000000060e-01 3.842436000000000185e+00 -2.807691999999999827e-02
3.568462000000000023e-01 4.678845999999999700e-02 6.100512999999999630e-01 2.320513000000000008e-09 1.075768999999999975e+00 -4.951922999999999742e-01 -2.205769000000000091e+00 5.792308000000000456e-01 2.928332999999999853e+00 2.217948999999999962e-02
2.220768999999999938e-01 4.351922999999999903e-02 6.317949000000000481e-01 2.387179000000000117e-09 8.526922999999999586e-01 -6.541666999999999899e-01 -1.505768999999999913e+00 3.361538000000000026e-01 2.314999999999999947e+00 -5.000000000000000104e-03
3.254615000000000147e-01 5.317307999999999757e-02 7.265641000000000460e-01 1.705128000000000070e-09 1.029614999999999947e+00 5.326923000000000075e-02 -2.942308000000000145e-01 3.461538000000000115e-02 3.553462000000000121e+00 -2.705128000000000046e-02
3.822307999999999817e-01 4.524999999999999856e-02 6.617435999999999874e-01 1.623077000000000019e-09 9.834614999999999885e-01 -9.601922999999999986e-01 -1.900641000000000025e+00 5.223077000000000414e-01 4.432178999999999647e+00 3.756410000000000304e-02
2.719230999999999732e-01 5.240385000000000182e-02 6.707691999999999544e-01 1.638461999999999961e-09 9.319231000000000043e-01 -1.230448999999999904e+00 -1.703205000000000080e+00 9.307691999999999355e-02 4.048846000000000167e+00 -4.499999999999999833e-02
2.986923000000000217e-01 4.798076999999999898e-02 6.096409999999999885e-01 1.894871999999999906e-09 8.380769000000000135e-01 -2.805769000000000180e-01 7.371795000000000431e-02 4.069230999999999820e-01 2.350385000000000169e+00 4.038462000000000302e-02
3.600768999999999775e-01 4.013462000000000279e-02 7.351794999999999858e-01 2.351281999999999987e-09 1.094999999999999973e+00 -1.772436000000000011e-01 -1.954487000000000085e+00 3.807691999999999743e-01 3.453205000000000080e+00 6.794872000000000412e-03
2.308462000000000014e-01 4.813462000000000296e-02 7.142564000000000135e-01 2.525640999999999881e-09 1.040384999999999893e+00 -6.198718000000000283e-02 -9.583333000000000546e-01 5.746153999999999984e-01 2.562692000000000192e+00 6.410256000000000244e-04
3.171537999999999857e-01 5.386537999999999743e-02 6.363077000000000316e-01 1.653845999999999998e-09 8.188461999999999685e-01 -5.110896999999999801e-01 -6.262820999999999527e-01 2.230769000000000155e-02 3.034486999999999934e+00 3.884615000000000290e-02
3.979230999999999741e-01 4.040384999999999810e-02 6.953846000000000194e-01 1.751281999999999991e-09 9.880769000000000357e-01 -7.892949000000000215e-01 -1.981409999999999894e+00 2.576922999999999853e-01 4.196282000000000068e+00 -2.858973999999999890e-02
2.456154000000000115e-01 4.467307999999999696e-02 6.986666999999999739e-01 1.766666999999999934e-09 1.077307999999999932e+00 -4.753204999999999791e-01 -2.878845999999999794e+00 4.823077000000000059e-01 2.733718000000000092e+00 -2.115384999999999835e-02
2.862308000000000074e-01 5.348076999999999692e-02 7.130256000000000371e-01 2.894872000000000175e-09 8.019230999999999998e-01 -7.788462000000000163e-02 -7.788462000000000440e-01 1.300000000000000044e-01 3.134743999999999975e+00 5.769230999999999665e-03
3.873076999999999770e-01 4.821153999999999717e-02 6.490255999999999803e-01 1.269231000000000081e-09 9.934614999999999974e-01 -7.932692000000000077e-01 3.608973999999999793e-01 3.084614999999999996e-01 4.408590000000000231e+00 1.910256000000000107e-02
2.428462000000000121e-01 4.651923000000000169e-02 6.223589999999999955e-01 1.192307999999999974e-09 9.819231000000000487e-01 -2.885255999999999932e-01 -8.596154000000000295e-01 3.346154000000000073e-01 4.072435999999999723e+00 4.935897000000000201e-02
2.903845999999999927e-01 5.324999999999999872e-02 7.437949000000000366e-01 2.305128000000000066e-09 1.008076999999999890e+00 -2.328845999999999972e-01 -2.116026000000000185e+00 5.807691999999999855e-01 3.335256000000000220e+00 -4.294872000000000273e-02
3.877691999999999806e-01 4.348077000000000192e-02 7.003076999999999774e-01 2.607691999999999932e-09 8.834615000000000107e-01 -1.091345999999999927e+00 -3.211537999999999893e-01 8.076922999999999742e-02 2.887051000000000034e+00 7.564102999999999973e-03
2.631537999999999933e-01 4.609615000000000240e-02 6.010256000000000487e-01 1.797435999999999913e-09 8.788462000000000218e-01 -6.104486999999999552e-01 -2.062178999999999984e+00 8.692307999999999979e-02 4.473461999999999605e+00 1.807691999999999979e-02
2.866923000000000110e-01 4.394230999999999832e-02 7.589744000000000490e-01 2.879486999999999819e-09 9.657691999999999943e-01 6.519231000000000331e-02 -6.352564000000000544e-01 5.192307999999999923e-01 3.606538000000000022e+00 -1.679486999999999994e-02
3.563845999999999958e-01 5.248077000000000297e-02 6.777436000000000016e-01 1.294871999999999910e-09 1.041153999999999913e+00 -1.083396999999999943e+00 -8.147436000000000123e-01 3.730768999999999891e-01 2.214744000000000046e+00 -9.615385000000000598e-03
2.765385000000000204e-01 5.036538000000000126e-02 6.576410000000000311e-01 2.674358999999999946e-09 9.288461999999999552e-01 1.327563999999999966e-01 -2.905768999999999824e+00 5.776923000000000474e-01 3.824743999999999922e+00 -2.935897000000000159e-02
3.065384999999999915e-01 4.275000000000000328e-02 7.474872000000000183e-01 2.253845999999999994e-09 8.211538000000000448e-01 -1.218525999999999998e+00 -4.108974000000000237e-01 3.453845999999999861e-01 2.497821000000000069e+00 -7.307692000000000181e-03
3.471538000000000124e-01 4.986538000000000082e-02 6.416410000000000169e-01 1.433332999999999976e-09 1.089615000000000000e+00 -4.236538000000000248e-01 -8.685897000000000201e-01 2.692307999999999854e-02 3.506282000000000121e+00 3.500000000000000333e-02
2.733076999999999868e-01 4.490385000000000210e-02 6.720000000000000417e-01 1.864102999999999927e-09 1.078076999999999952e+00 1.844231000000000065e-01 -2.080128000000000199e+00 5.669231000000000131e-01 3.636026000000000202e+00 2.987178999999999876e-02
2.848461999999999938e-01 5.098077000000000164e-02 6.498462000000000405e-01 2.807692000000000069e-09 8.811537999999999871e-01 -6.501922999999999453e-01 -1.128846000000000016e+00 5.307691999999999966e-02 2.273718000000000128e+00 -2.602563999999999919e-02
3.942307999999999923e-01 4.640385000000000343e-02 7.409230999999999456e-01 1.376922999999999961e-09 9.026923000000000030e-01 -1.250321000000000016e+00 -4.378205000000000013e-01 3.669231000000000020e-01 3.989872000000000085e+00 -8.076922999999999742e-03
2.576153999999999944e-01 4.617307999999999829e-02 6.395897000000000387e-01 1.002563999999999931e-09 1.028845999999999927e+00 -4.633974000000000149e-01 -1.602564000000000072e-02 4.807692000000000077e-01 2.474231000000000069e+00 -1.858974000000000043e-02
2.922308000000000128e-01 4.232691999999999705e-02 7.113846000000000336e-01 2.966666999999999926e-09 9.250000000000000444e-01 -1.294038000000000022e+00 -2.537821000000000105e+00 3.223076999999999748e-01 3.429615000000000080e+00 2.012821000000000055e-02
3.919231000000000242e-01 5.471154000000000295e-02 7.027691999999999828e-01 2.202563999999999923e-09 8.757692000000000254e-01 1.764744000000000035e-01 -7.249999999999999778e-01 1.884615000000000040e-01 3.801153999999999922e+00 1.423077000000000022e-02
2.599231000000000180e-01 5.351923000000000097e-02 7.515897000000000272e-01 1.771795000000000084e-09 9.042308000000000012e-01 -1.035705000000000098e+00 -3.032051000000000052e-01 5.438461999999999463e-01 3.854230999999999963e+00 -1.525640999999999976e-02
3.176153999999999922e-01 4.155769000000000130e-02 6.322050999999999643e-01 2.987179000000000113e-09 8.965385000000000160e-01 -7.535256000000000176e-01 -1.083973999999999993e+00 2.307692000000000077e-03 3.382436000000000220e+00 -2.397436000000000011e-02
3.642308000000000212e-01 4.778845999999999788e-02 6.826666999999999597e-01 1.556410000000000005e-09 1.031922999999999924e+00 2.281410000000000105e-01 -1.873717999999999995e+00 3.900000000000000133e-01 2.421154000000000028e+00 4.910256000000000343e-02
2.262308000000000097e-01 4.655768999999999880e-02 7.175384999999999680e-01 2.146154000000000114e-09 9.303846000000000060e-01 -8.369872000000000423e-01 -2.107050999999999785e+00 5.000000000000000278e-02 4.396795000000000009e+00 2.294871999999999884e-02
3.319231000000000265e-01 4.382691999999999838e-02 7.060513000000000483e-01 2.576922999999999953e-09 1.092691999999999997e+00 -1.454486999999999863e-01 -9.942307999999999701e-01 3.792307999999999790e-01 2.244231000000000087e+00 -3.346153999999999795e-02
3.679231000000000029e-01 5.413462000000000135e-02 6.313845999999999625e-01 1.438462000000000032e-09 8.134614999999999485e-01 -7.376281999999999561e-01 -5.903846000000000371e-01 5.069230999999999598e-01 3.518076999999999899e+00 5.256410000000000422e-03
2.400769000000000097e-01 5.424999999999999961e-02 7.089231000000000282e-01 2.089743999999999892e-09 1.088845999999999981e+00 -9.403205000000000036e-01 -9.224358999999999753e-01 2.607691999999999788e-01 3.807050999999999963e+00 -3.141026000000000235e-02
2.982308000000000181e-01 4.321153999999999967e-02 6.293332999999999844e-01 2.761538000000000147e-09 8.196153999999999940e-01 -9.775641000000000191e-02 -1.999359000000000108e+00 5.638461999999999641e-01 3.612436000000000202e+00 8.076922999999999742e-03
3.937691999999999859e-01 4.855769000000000057e-02 7.011281999999999792e-01 1.525641000000000026e-09 9.534614999999999618e-01 -3.083973999999999882e-01 -1.775641000000000025e-01 1.423077000000000092e-01 2.291409999999999947e+00 3.858973999999999738e-02
2.216153999999999902e-01 5.048077000000000120e-02 6.621538000000000146e-01 2.766667000000000203e-09 8.973077000000000414e-01 -4.514743999999999979e-01 -1.003204999999999902e+00 1.361537999999999915e-01 2.757308000000000092e+00 4.423077000000000258e-02
3.111537999999999804e-01 4.386538000000000243e-02 7.384614999999999929e-01 1.161538000000000089e-09 1.067307999999999923e+00 -9.204487000000000085e-01 -2.376281999999999783e+00 2.776923000000000030e-01 4.384999999999999787e+00 2.948717999999999912e-03
3.974615000000000231e-01 4.775000000000000078e-02 6.051282000000000050e-01 1.710256000000000013e-09 9.180768999999999735e-01 -1.851923000000000041e-01 -5.185897000000000423e-01 4.853845999999999994e-01 2.975512999999999852e+00 -3.987178999999999723e-02
2.525384999999999991e-01 4.932692000000000326e-02 7.019486999999999810e-01 2.956410000000000134e-09 9.949999999999999956e-01 2.241666999999999965e-01 -1.182692000000000077e+00 2.238461999999999952e-01 3.913205000000000044e+00 3.423077000000000064e-02
3.069999999999999951e-01 5.444231000000000070e-02 7.154871999999999899e-01 1.366667000000000074e-09 8.711537999999999782e-01 -5.190384999999999582e-01 -2.798077000000000147e+00 4.361537999999999804e-01 2.674744000000000010e+00 -3.064102999999999966e-02
3.573077000000000059e-01 4.205769000000000174e-02 6.350769000000000553e-01 1.669230999999999941e-09 1.005768999999999913e+00 -1.131089999999999929e+00 4.416667000000000232e-01 1.961537999999999893e-01 3.117051000000000016e+00 -1.217948999999999941e-02
2.460768999999999873e-01 4.590385000000000298e-02 6.605128000000000110e-01 1.546153999999999912e-09 8.103846000000000105e-01 4.134614999999999818e-02 -8.865385000000000071e-01 9.769231000000000442e-02 3.388332999999999817e+00 3.653846000000000177e-02
3.333076999999999845e-01 4.482691999999999927e-02 6.482050999999999785e-01 2.407691999999999796e-09 1.099615000000000009e+00 -4.673718000000000039e-01 -4.916667000000000121e-01 5.469230999999999954e-01 4.420384999999999565e+00 -2.948717999999999912e-03
3.656153999999999793e-01 5.063461999999999824e-02 7.220512999999999515e-01 2.094872000000000043e-09 9.157691999999999499e-01 -1.166859000000000091e+00 -2.618590000000000195e+00 2.392307999999999935e-01 2.285512999999999906e+00 -2.576923000000000061e-02
2.534615000000000062e-01 4.432691999999999882e-02 6.116922999999999666e-01 2.776923000000000090e-09 1.059614999999999974e+00 -7.177563999999999611e-01 -1.748077000000000103e+00 1.438462000000000074e-01 4.390896999999999828e+00 -8.974359000000000112e-04
3.245385000000000075e-01 5.378846000000000321e-02 6.625640999999999892e-01 1.412820999999999996e-09 8.319231000000000265e-01 6.916666999999999954e-02 -2.304486999999999952e+00 4.053845999999999838e-01 3.099359000000000197e+00 3.320512999999999937e-02
3.554614999999999858e-01 4.536537999999999682e-02 7.597949000000000508e-01 2.017949000000000142e-09 9.780769000000000268e-01 -8.449358999999999620e-01 2.801281999999999939e-01 3.930769000000000069e-01 2.875255999999999812e+00 -4.064103000000000160e-02
2.751538000000000039e-01 4.171153999999999834e-02 6.921026000000000122e-01 2.330768999999999895e-09 9.903845999999999483e-01 -7.217308000000000057e-01 4.237178999999999807e-01 5.315385000000000248e-01 3.488589999999999858e+00 4.884614999999999790e-02
2.931538000000000199e-01 5.071153999999999940e-02 7.150769000000000153e-01 2.853845999999999990e-09 1.044999999999999929e+00 7.711537999999999726e-02 -2.214744000000000046e+00 8.999999999999999667e-02 2.491922999999999888e+00 -1.141026000000000019e-02
3.706922999999999746e-01 4.817308000000000007e-02 6.281025999999999554e-01 1.053846000000000002e-09 8.888462000000000307e-01 -8.409615000000000284e-01 -1.550640999999999936e+00 2.130769000000000135e-01 4.090127999999999986e+00 -3.192307999999999951e-02
2.354614999999999903e-01 4.905769000000000102e-02 6.797948999999999797e-01 1.782050999999999971e-09 1.039614999999999956e+00 -1.075449000000000099e+00 -2.313461999999999907e+00 4.761538000000000159e-01 4.461667000000000272e+00 1.666666999999999932e-03
3.130000000000000004e-01 4.032692000000000221e-02 7.171281999999999934e-01 1.356410000000000075e-09 9.134615000000000373e-01 1.352564000000000023e-02 -1.577563999999999966e+00 1.284615000000000062e-01 2.509615000000000151e+00 2.961538000000000018e-02
3.665384999999999893e-01 5.421154000000000250e-02 6.203077000000000174e-01 2.725641000000000018e-09 8.273076999999999792e-01 -3.362179000000000140e-01 -6.442307999999999923e-01 2.961538000000000226e-01 3.193718000000000057e+00 -2.884615000000000096e-02
2.659231000000000233e-01 4.682692000000000104e-02 6.560000000000000275e-01 1.643589999999999905e-09 9.896154000000000339e-01 -2.249358999999999942e-01 -7.884615000000000373e-02 3.769230999999999970e-02 4.308333000000000190e+00 -4.012820999999999749e-02
2.917692000000000063e-01 5.363462000000000091e-02 6.453332999999999986e-01 2.623076999999999875e-09 1.074230999999999936e+00 -2.766025999999999763e-01 -1.846794999999999964e+00 3.176922999999999830e-01 2.462435999999999847e+00 4.653845999999999677e-02
3.739231000000000082e-01 4.109614999999999796e-02 7.122051000000000354e-01 1.915384999999999999e-09 8.326923000000000519e-01 -8.051922999999999719e-01 -1.613461999999999952e+00 5.761538000000000492e-01 3.022692000000000156e+00 -6.025640999999999983e-03
2.433076999999999879e-01 4.098076999999999970e-02 7.355897000000000130e-01 2.858974000000000141e-09 1.038845999999999936e+00 -5.786537999999999959e-01 -9.762821000000000415e-01 2.561537999999999871e-01 4.042949000000000126e+00 1.217948999999999941e-02
2.894614999999999827e-01 4.936538000000000037e-02 6.244102999999999737e-01 1.592308000000000040e-09 8.865385000000000071e-01 1.287821000000000105e-01 -2.663461999999999996e+00 4.838462000000000041e-01 2.574486999999999970e+00 -2.910255999999999954e-02
3.794615000000000071e-01 5.428845999999999672e-02 6.601025999999999838e-01 1.812821000000000062e-09 9.403846000000000149e-01 -1.194679000000000046e+00 2.980768999999999780e-01 1.653845999999999927e-01 3.217308000000000057e+00 3.012820999999999902e-02
2.603846000000000216e-01 5.259615000000000123e-02 7.294359000000000259e-01 1.602563999999999927e-09 9.603846000000000327e-01 -8.926281999999999828e-01 -2.500000000000000139e-02 3.238461999999999730e-01 2.256025999999999865e+00 3.474358999999999781e-02
3.365385000000000182e-01 4.417308000000000345e-02 6.978461999999999721e-01 2.212821000000000128e-09 1.047307999999999906e+00 -6.223718000000000306e-01 -2.941666999999999810e+00 5.976922999999999542e-01 3.930896999999999863e+00 -2.217948999999999962e-02
3.443845999999999852e-01 4.559615000000000196e-02 6.248205000000000009e-01 2.346153999999999837e-09 8.073076999999999614e-01 7.314102999999999577e-02 -6.711538000000000226e-01 1.461538000000000073e-02 3.659615000000000062e+00 -7.564102999999999973e-03
2.271537999999999891e-01 4.421154000000000056e-02 6.609230999999999856e-01 1.166666999999999938e-09 8.480769000000000224e-01 -6.978845999999999661e-01 -1.308332999999999968e+00 1.469231000000000009e-01 3.771666999999999881e+00 -3.500000000000000333e-02
3.286922999999999928e-01 5.221154000000000073e-02 6.379487000000000352e-01 2.710256000000000076e-09 1.072691999999999979e+00 -8.846794999999999520e-01 3.698717999999999728e-01 3.330769000000000091e-01 3.706795000000000062e+00 2.705128000000000046e-02
3.596153999999999740e-01 4.544230999999999965e-02 7.208204999999999751e-01 2.141025999999999964e-09 9.726922999999999542e-01 2.082691999999999877e-01 -2.753204999999999902e+00 5.561538000000000315e-01 2.521409999999999929e+00 -4.743589999999999786e-03
