-3.282016020799999878e-01
-2.884653755000000097e-01
-2.487291489200000039e-01
-2.089929223299999972e-01
-1.692566957499999913e-01
-1.295204691700000132e-01
-8.978424258799999613e-02
-5.004801600599999983e-02
-1.031178942400000006e-02
2.942443715799999970e-02
6.916066374000000294e-02
1.088968903199999949e-01
1.486331169000000008e-01
1.883693434900000074e-01
2.281055700700000133e-01
2.678417966500000191e-01
3.075780232299999972e-01
3.473142498099999753e-01
3.870504764000000097e-01
4.267867029799999878e-01
4.665229295600000214e-01
5.062591561400000550e-01
5.459953827200000331e-01
5.857316093000000112e-01
6.254678358899999902e-01
6.652040624699999682e-01
7.049402890499999463e-01
7.446765156300000355e-01
7.844127422100000135e-01
8.241489687999999925e-01
8.638851953799999706e-01
9.036214219599999486e-01
