2.089296220400000126e-01
2.342011993800000025e-01
2.594727767100000193e-01
2.847443540499999814e-01
3.100159313899999991e-01
3.352875087200000159e-01
3.605590860599999781e-01
3.858306633999999957e-01
4.111022407400000134e-01
4.363738180699999747e-01
4.616453954099999923e-01
4.869169727500000100e-01
5.121885500799999713e-01
5.374601274200000445e-01
5.627317047600000066e-01
5.880032820999999688e-01
6.132748594300000411e-01
6.385464367700000032e-01
6.638180141099999654e-01
6.890895914400000377e-01
7.143611687799999999e-01
7.396327461199999620e-01
7.649043234600000352e-01
7.901759007899999965e-01
8.154474781299999586e-01
8.407190554700000318e-01
8.659906327999999931e-01
8.912622101399999552e-01
9.165337874800000284e-01
9.418053648199999905e-01
9.670769421499999519e-01
9.923485194900000250e-01
