2.737878999999999730e-01 4.814141000000000253e-02 6.465657000000000210e-01 2.487878999999999986e-09 9.871212000000000319e-01 -1.020202000000000053e+00 -2.702019999999999977e-01 1.386363999999999930e-01 3.329966000000000204e+00 2.424242000000000063e-03
3.092423999999999729e-01 4.595960000000000323e-02 7.088552000000000186e-01 1.787542000000000030e-09 9.810605999999999494e-01 -1.121212000000000097e+00 4.570706999999999964e-01 6.803030000000000188e-02 2.934006999999999810e+00 1.434343000000000076e-02
3.201514999999999778e-01 5.022221999999999797e-02 6.977440999999999782e-01 2.011111000000000005e-09 9.554713999999999707e-01 -8.888888999999999818e-01 -6.439394000000000506e-01 1.077272999999999981e-01 2.311784999999999979e+00 -2.808081000000000119e-02
2.710605999999999849e-01 4.589899000000000062e-02 6.761953000000000547e-01 1.741751000000000017e-09 9.758417999999999815e-01 -1.026262999999999925e+00 -8.409090999999999649e-01 9.015151999999999888e-02 3.023569000000000173e+00 2.040403999999999829e-02
3.113636000000000181e-01 4.800000000000000100e-02 7.344443999999999972e-01 2.196970000000000117e-09 9.627103999999999662e-01 -8.020201999999999609e-01 4.621212000000000097e-01 8.893938999999999317e-02 3.447811000000000181e+00 -1.656565999999999941e-02
3.413635999999999893e-01 4.947474999999999790e-02 6.664309999999999956e-01 2.339731000000000055e-09 9.926768000000000258e-01 -1.252525000000000110e+00 -3.156566000000000094e-01 1.316666999999999976e-01 2.552188999999999819e+00 -2.020202000000000022e-03
2.746970000000000245e-01 4.519191999999999654e-02 6.994276000000000382e-01 2.485184999999999830e-09 9.756734000000000240e-01 -1.066667000000000032e+00 -3.409091000000000204e-01 1.265151999999999943e-01 2.665319999999999911e+00 -2.161615999999999885e-02
2.974242000000000274e-01 4.894948999999999828e-02 6.681144999999999445e-01 1.981480999999999974e-09 9.893098000000000170e-01 -1.123232000000000008e+00 -7.196970000000000312e-01 7.590908999999999851e-02 3.617507999999999946e+00 2.727272999999999850e-02
3.468182000000000209e-01 4.907070999999999655e-02 7.176093999999999529e-01 1.838720999999999941e-09 9.556396999999999808e-01 -8.767677000000000387e-01 4.116161999999999876e-01 1.065152000000000043e-01 2.778451000000000004e+00 5.858585999999999828e-03
2.671212000000000031e-01 5.014140999999999737e-02 6.506060999999999650e-01 2.038046999999999880e-09 9.684342999999999702e-01 -8.727272999999999836e-01 -6.893939000000000039e-01 1.201514999999999944e-01 3.664645999999999848e+00 9.898989999999999873e-03
3.083332999999999768e-01 4.539394000000000068e-02 7.112121000000000137e-01 1.846800999999999980e-09 9.997475000000000112e-01 -1.050505000000000022e+00 1.767677000000000137e-02 8.772726999999999609e-02 3.070707000000000075e+00 -2.505051000000000153e-02
3.477273000000000169e-01 4.860605999999999954e-02 6.987541999999999920e-01 2.248148000000000124e-09 9.519360000000000044e-01 -1.195959999999999912e+00 -1.489899000000000084e-01 1.056060999999999944e-01 2.373063999999999840e+00 1.898990000000000053e-02
2.683332999999999968e-01 4.882828000000000168e-02 6.623906000000000516e-01 1.798316000000000017e-09 9.748316000000000203e-01 -1.080807999999999991e+00 7.323232000000000352e-02 1.468182000000000098e-01 2.698316000000000159e+00 -2.464645999999999851e-02
2.998485000000000178e-01 4.561616000000000282e-02 7.068349999999999911e-01 2.221211999999999836e-09 9.945285999999999849e-01 -1.222221999999999920e+00 -9.974747000000000474e-01 9.833332999999999657e-02 2.806734000000000062e+00 1.878787999999999986e-02
3.401514999999999955e-01 4.935354000000000130e-02 6.896632999999999791e-01 2.460943000000000112e-09 9.546295999999999671e-01 -8.323232000000000408e-01 -5.303030000000000244e-02 8.712121000000000448e-02 3.419528999999999819e+00 -5.454544999999999880e-03
2.831817999999999835e-01 4.694949000000000344e-02 7.085185000000000510e-01 2.046128000000000030e-09 9.957070999999999561e-01 -7.959595999999999894e-01 -1.641413999999999929e-01 6.136363999999999708e-02 2.839731000000000005e+00 2.222222000000000086e-02
2.989394000000000218e-01 4.933333000000000162e-02 6.421885999999999983e-01 1.728283000000000079e-09 9.551347000000000032e-01 -1.028283000000000058e+00 -7.095960000000000045e-01 1.165151999999999993e-01 2.660606000000000027e+00 -2.222221999999999826e-03
3.337879000000000262e-01 4.725253000000000092e-02 7.007744000000000195e-01 2.369360000000000181e-09 9.792087999999999903e-01 -1.218182000000000098e+00 2.348484999999999878e-01 1.286364000000000118e-01 3.584512000000000143e+00 -1.333332999999999914e-02
2.601514999999999800e-01 4.846464999999999801e-02 7.199662999999999480e-01 2.242761000000000130e-09 9.576599000000000084e-01 -1.238383999999999929e+00 4.292929000000000189e-02 9.136363999999999597e-02 2.853871999999999964e+00 -1.636363999999999874e-02
3.146970000000000045e-01 4.507070999999999994e-02 6.735016999999999809e-01 1.916834999999999823e-09 9.888046999999999809e-01 -8.686869000000000396e-01 -8.838384000000000518e-02 1.480303000000000035e-01 2.410773999999999972e+00 5.656566000000000025e-03
3.492424000000000084e-01 4.967677000000000204e-02 6.704714000000000507e-01 2.207744000000000105e-09 9.743266000000000426e-01 -9.515152000000000054e-01 -7.904039999999999955e-01 8.803030000000000577e-02 3.678787999999999947e+00 1.353534999999999981e-02
2.668182000000000054e-01 4.620202000000000336e-02 6.869697000000000164e-01 1.817172000000000061e-09 9.707911999999999653e-01 -7.353534999999999933e-01 -4.873737000000000208e-01 1.101514999999999994e-01 3.476093999999999795e+00 -1.939393999999999840e-02
3.077272999999999814e-01 4.931312999999999669e-02 6.674411000000000094e-01 2.000337000000000017e-09 9.876262999999999570e-01 -9.636363999999999486e-01 4.671717000000000231e-01 7.803029999999999688e-02 2.627609000000000083e+00 2.989899000000000029e-02
3.301514999999999866e-01 4.858586000000000155e-02 7.095285999999999538e-01 2.393602999999999804e-09 9.623736999999999986e-01 -1.187878999999999907e+00 -9.419191999999999565e-01 1.395454999999999890e-01 2.792593000000000103e+00 6.464646000000000108e-03
2.846969999999999779e-01 4.993939000000000017e-02 6.879798000000000302e-01 2.493265999999999980e-09 9.812290000000000179e-01 -9.212120999999999782e-01 -8.005050999999999695e-01 8.500000000000000611e-02 3.367677000000000032e+00 2.565657000000000007e-02
2.983333000000000235e-01 4.713131000000000265e-02 6.708081000000000182e-01 2.108080999999999929e-09 9.502525000000000555e-01 -1.292928999999999995e+00 -2.297980000000000023e-01 1.246970000000000023e-01 2.655892000000000142e+00 -1.919192000000000120e-02
3.362121000000000137e-01 4.690909000000000051e-02 7.145791000000000226e-01 1.841413999999999986e-09 9.920033999999999796e-01 -7.292929000000000217e-01 3.156566000000000094e-01 1.131817999999999991e-01 2.787879000000000218e+00 9.696969999999999201e-03
2.725757999999999792e-01 4.705050999999999678e-02 6.724915999999999672e-01 2.124241999999999911e-09 9.859428000000000081e-01 -1.272726999999999942e+00 3.611111000000000182e-01 1.104544999999999971e-01 3.113131000000000093e+00 -2.888889000000000040e-02
3.043938999999999950e-01 4.666667000000000037e-02 6.802356999999999987e-01 1.876430999999999804e-09 9.563131000000000270e-01 -8.282827999999999857e-01 -1.691919000000000062e-01 6.712121000000000060e-02 3.235689999999999955e+00 2.909091000000000107e-02
3.383333000000000035e-01 5.096969999999999973e-02 7.162625999999999715e-01 2.331649999999999905e-09 9.829124999999999668e-01 -9.131312999999999791e-01 -6.944443999999999617e-01 1.207576000000000066e-01 2.608753999999999795e+00 -7.878787999999999417e-03
2.828787999999999858e-01 4.739394000000000245e-02 7.277103999999999795e-01 2.293939000000000137e-09 9.775253000000000414e-01 -7.131313000000000235e-01 3.409091000000000204e-01 1.119697000000000053e-01 2.538047000000000164e+00 1.050505000000000015e-02
2.904545000000000043e-01 5.094949000000000006e-02 6.775421000000000360e-01 1.712120999999999986e-09 9.650672999999999613e-01 -1.127272999999999969e+00 -4.671717000000000231e-01 8.196970000000000645e-02 3.164982999999999880e+00 -1.737373999999999863e-02
3.449999999999999734e-01 4.523231999999999947e-02 6.660943000000000280e-01 2.226598999999999830e-09 9.911615999999999760e-01 -1.092929000000000039e+00 -6.388888999999999818e-01 1.253029999999999977e-01 3.471379999999999910e+00 2.626263000000000208e-03
2.646970000000000156e-01 4.517171999999999854e-02 6.859596000000000027e-01 2.218518999999999998e-09 9.527778000000000080e-01 -1.107070999999999916e+00 1.035353999999999997e-01 9.045454999999999468e-02 2.731313000000000102e+00 1.171717000000000071e-02
2.953029999999999822e-01 4.995959999999999984e-02 6.644107999999999681e-01 2.390909000000000062e-09 9.815656999999999854e-01 -8.464646000000000114e-01 -7.348485000000000156e-01 1.368182000000000009e-01 2.919865000000000155e+00 -2.606061000000000141e-02
3.453030000000000266e-01 4.765657000000000226e-02 7.155892000000000364e-01 1.736364000000000023e-09 9.952020000000000310e-01 -1.058586000000000027e+00 -3.661615999999999760e-01 8.227273000000000225e-02 3.315824999999999800e+00 6.868687000000000056e-03
2.859091000000000271e-01 4.559595999999999788e-02 7.368012999999999924e-01 1.714814999999999935e-09 9.648989999999999512e-01 -8.424241999999999564e-01 -2.525252999999999873e-03 9.712120999999999948e-02 2.952862000000000098e+00 -6.060606000000000500e-04
2.995455000000000201e-01 5.040403999999999718e-02 6.883164999999999978e-01 2.143097999999999954e-09 9.872895999999999894e-01 -1.220202000000000009e+00 -9.318182000000000409e-01 7.954545000000000365e-02 3.414814999999999934e+00 -2.242424000000000153e-02
3.395455000000000001e-01 4.795959999999999807e-02 6.596969999999999779e-01 2.455556000000000118e-09 9.755051000000000139e-01 -1.022221999999999964e+00 1.994949000000000028e-01 1.274241999999999875e-01 2.632322999999999968e+00 2.424242000000000063e-02
2.868182000000000231e-01 4.969697000000000003e-02 6.499327000000000298e-01 2.428619999999999829e-09 9.842592999999999481e-01 -8.646464999999999845e-01 -3.611111000000000182e-01 9.439393999999999563e-02 2.302357000000000209e+00 1.818182000000000001e-03
2.922726999999999964e-01 4.533332999999999807e-02 6.910100999999999605e-01 1.860268999999999917e-09 9.780303000000000191e-01 -9.676768000000000036e-01 4.974746999999999919e-01 1.401515000000000122e-01 3.179124999999999979e+00 -2.262625999999999873e-02
3.386364000000000041e-01 4.880807999999999675e-02 7.371379999999999599e-01 2.153871999999999942e-09 9.514310000000000267e-01 -1.117172000000000054e+00 -5.984848000000000390e-01 8.560605999999999771e-02 3.358248999999999818e+00 1.373737000000000048e-02
2.898485000000000089e-01 4.785858999999999946e-02 7.196295999999999804e-01 1.765992999999999942e-09 9.874578999999999995e-01 -1.006061000000000094e+00 -8.914140999999999870e-01 1.089394000000000057e-01 3.570370000000000044e+00 -2.323232000000000075e-02
3.159090999999999982e-01 4.501009999999999733e-02 6.573400999999999827e-01 2.407070999999999949e-09 9.783669999999999867e-01 -1.189899000000000040e+00 -2.752525000000000110e-01 8.984847999999999446e-02 2.858585999999999849e+00 2.121212000000000097e-02
3.207575999999999761e-01 5.070706999999999992e-02 6.812458000000000125e-01 2.202357000000000111e-09 9.571549000000000307e-01 -7.111110999999999960e-01 1.489899000000000084e-01 1.392423999999999884e-01 2.717172000000000143e+00 -6.464646000000000108e-03
2.849999999999999756e-01 5.076768000000000253e-02 7.381480999999999737e-01 2.151178000000000200e-09 9.803872000000000142e-01 -1.133332999999999924e+00 2.702019999999999977e-01 1.037879000000000024e-01 3.452525000000000066e+00 -1.858585999999999919e-02
2.968181999999999765e-01 4.551514999999999728e-02 6.852861999999999565e-01 1.709427999999999941e-09 9.539562000000000319e-01 -1.056565999999999894e+00 -1.944443999999999895e-01 1.216667000000000026e-01 2.453199000000000130e+00 1.010101000000000054e-02
3.274241999999999986e-01 4.834342999999999974e-02 6.559933000000000014e-01 2.374747000000000175e-09 9.999158000000000213e-01 -8.606061000000000405e-01 -9.015151999999999610e-01 8.651514999999999900e-02 2.938721000000000139e+00 7.676767999999999613e-03
2.789394000000000040e-01 5.044444000000000011e-02 7.014477999999999547e-01 2.210437999999999848e-09 9.731480999999999604e-01 -8.060606000000000160e-01 2.525252999999999873e-03 1.416667000000000065e-01 3.669360000000000177e+00 -1.111111000000000043e-02
3.137879000000000085e-01 4.593938999999999662e-02 6.482491999999999699e-01 1.733670000000000073e-09 9.835859000000000130e-01 -1.282828000000000079e+00 -2.853534999999999822e-01 1.198484999999999967e-01 2.849158000000000079e+00 -8.080808000000000088e-03
3.204544999999999755e-01 4.848485000000000295e-02 7.169360000000000177e-01 2.417844999999999936e-09 9.659090999999999649e-01 -9.878787999999999458e-01 -6.287878999999999552e-01 6.106061000000000127e-02 2.335354000000000152e+00 1.070707000000000082e-02
2.798485000000000000e-01 4.868687000000000015e-02 7.236700000000000355e-01 1.954545000000000099e-09 9.948652999999999524e-01 -8.141414000000000151e-01 -1.994949000000000028e-01 1.137878999999999974e-01 3.551515000000000200e+00 2.383837999999999929e-02
3.080302999999999791e-01 4.622222000000000136e-02 6.492592999999999837e-01 2.113467999999999923e-09 9.778620000000000090e-01 -1.018181999999999920e+00 -9.823231999999999520e-01 6.166666999999999982e-02 2.703030000000000044e+00 -1.010101000000000054e-02
3.428787999999999836e-01 5.018182000000000198e-02 6.899999999999999467e-01 2.307406999999999868e-09 9.615320000000000533e-01 -1.145454999999999890e+00 4.318181999999999854e-01 1.313635999999999970e-01 2.844444000000000194e+00 -8.484847999999999696e-03
2.753030000000000199e-01 4.767677000000000026e-02 6.832660000000000400e-01 2.029966000000000143e-09 9.509258999999999906e-01 -1.199999999999999956e+00 -9.570707000000000519e-01 7.439394000000000562e-02 3.202694000000000152e+00 -9.090908999999999449e-03
2.943938999999999862e-01 4.537374000000000268e-02 7.388215000000000199e-01 1.930302999999999967e-09 9.965488000000000124e-01 -9.050504999999999800e-01 -4.520201999999999831e-01 1.204545000000000060e-01 2.745455000000000201e+00 1.919192000000000120e-02
3.259091000000000071e-01 4.941414000000000223e-02 6.576767999999999503e-01 2.272391000000000161e-09 9.790404000000000329e-01 -8.545454999999999579e-01 4.823232000000000075e-01 1.183333000000000024e-01 3.537373999999999796e+00 -1.212121000000000032e-02
2.610605999999999760e-01 4.919192000000000009e-02 6.401683999999999708e-01 2.051515000000000024e-09 9.667508000000000212e-01 -1.250504999999999978e+00 -1.540403999999999940e-01 9.106061000000000016e-02 2.797305999999999848e+00 -9.898989999999999873e-03
3.195454999999999823e-01 4.719191999999999831e-02 7.246801000000000492e-01 1.819864999999999898e-09 9.559763999999999484e-01 -7.656566000000000205e-01 -7.297979999999999468e-01 1.356061000000000072e-01 2.707743999999999929e+00 -1.252524999999999993e-02
3.222727000000000230e-01 4.567676999999999848e-02 6.967339999999999645e-01 2.377440999999999917e-09 9.921716999999999897e-01 -9.474747000000000030e-01 4.797980000000000300e-02 8.863635999999999737e-02 3.556229000000000084e+00 2.666666999999999996e-02
2.656061000000000116e-01 4.804039999999999699e-02 7.132323000000000413e-01 2.396296000000000056e-09 9.970539000000000485e-01 -1.115151999999999921e+00 -3.459595999999999782e-01 1.001515000000000044e-01 3.306397000000000030e+00 -2.202020000000000019e-02
3.168181999999999943e-01 4.963635999999999743e-02 6.778788000000000036e-01 1.784848000000000080e-09 9.677609000000000350e-01 -7.636363999999999930e-01 6.818182000000000409e-02 6.318181999999999965e-02 2.514477999999999991e+00 -6.060605999999999632e-03
3.410605999999999915e-01 4.624241999999999936e-02 6.617172000000000054e-01 2.188888999999999967e-09 9.574915999999999983e-01 -1.064645999999999981e+00 -5.075758000000000214e-01 1.471212000000000075e-01 3.230976000000000070e+00 2.020202000000000109e-02
2.674242000000000008e-01 4.604040000000000216e-02 6.889899000000000440e-01 2.334343000000000156e-09 9.679292999999999925e-01 -1.052524999999999933e+00 -9.065657000000000298e-01 1.262120999999999937e-01 3.348822000000000187e+00 2.141414000000000165e-02
3.010606000000000115e-01 4.763636000000000259e-02 6.479125000000000023e-01 2.067676999999999911e-09 9.955386999999999986e-01 -8.202019999999999866e-01 3.257575999999999805e-01 7.378788000000000014e-02 2.802020000000000177e+00 -1.494948999999999931e-02
3.271212000000000009e-01 5.012120999999999937e-02 7.354545000000000110e-01 1.932997000000000123e-09 9.633838000000000124e-01 -1.278788000000000036e+00 -3.787879000000000246e-02 1.122727000000000031e-01 2.651177999999999813e+00 -4.444443999999999652e-03
2.731817999999999746e-01 4.741414000000000045e-02 7.320875000000000021e-01 2.398989999999999798e-09 9.569864999999999622e-01 -9.272726999999999498e-01 -1.388889000000000096e-01 1.301515000000000033e-01 3.325253000000000014e+00 -2.000000000000000042e-02
3.134848000000000079e-01 5.004039999999999877e-02 7.024578999999999684e-01 1.782155000000000036e-09 9.862794999999999757e-01 -8.626262999999999570e-01 -9.217172000000000143e-01 1.016666999999999987e-01 3.000000000000000000e+00 2.545454999999999940e-02
3.343939000000000217e-01 4.670707000000000331e-02 6.418519000000000307e-01 2.086532000000000049e-09 9.738215000000000066e-01 -1.185858999999999996e+00 3.712120999999999893e-01 8.469696999999999643e-02 2.580471000000000181e+00 -8.282828000000000759e-03
2.822726999999999875e-01 4.866667000000000215e-02 7.105386999999999675e-01 2.183501999999999973e-09 9.992423999999999751e-01 -8.363635999999999848e-01 -3.106060999999999961e-01 1.125758000000000036e-01 2.495623000000000147e+00 -2.787879000000000052e-02
3.101515000000000244e-01 4.503030000000000227e-02 6.926936000000000204e-01 1.814477999999999904e-09 9.512625999999999582e-01 -9.737373999999999752e-01 -5.328283000000000325e-01 1.219697000000000003e-01 3.509091000000000182e+00 2.222221999999999826e-03
3.243939000000000128e-01 5.058586000000000332e-02 6.637374000000000329e-01 2.385522000000000068e-09 9.712963000000000013e-01 -1.197980000000000045e+00 5.303030000000000244e-02 7.621211999999999431e-02 3.004713999999999885e+00 2.505051000000000153e-02
2.865152000000000254e-01 4.870706999999999814e-02 6.549831999999999876e-01 1.706733999999999992e-09 9.990740999999999650e-01 -8.848485000000000378e-01 8.838384000000000518e-02 1.180303000000000047e-01 2.726599000000000217e+00 5.454544999999999880e-03
3.040908999999999973e-01 4.975758000000000264e-02 7.041414000000000284e-01 2.285858999999999892e-09 9.532827999999999857e-01 -9.393939000000000039e-01 -6.035354000000000552e-01 1.328787999999999914e-01 3.603366999999999987e+00 2.444444000000000131e-02
3.328787999999999747e-01 4.529293000000000208e-02 7.091918999999999862e-01 2.048822000000000186e-09 9.686027000000000386e-01 -1.260605999999999893e+00 -4.823232000000000075e-01 6.984848000000000445e-02 2.783164999999999889e+00 -1.232322999999999925e-02
2.750000000000000222e-01 4.688889000000000251e-02 6.657575999999999494e-01 2.474410999999999842e-09 9.662458000000000435e-01 -9.030302999999999525e-01 3.661615999999999760e-01 1.174242000000000063e-01 3.014140999999999959e+00 2.707071000000000130e-02
2.956060999999999828e-01 4.775758000000000086e-02 7.149157999999999902e-01 1.844107999999999935e-09 9.672558999999999463e-01 -1.234342999999999968e+00 -9.671716999999999675e-01 1.256060999999999983e-01 2.467340000000000089e+00 1.010101000000000011e-03
3.234848000000000168e-01 4.953534999999999883e-02 6.886531999999999654e-01 2.021885999999999898e-09 9.914983000000000546e-01 -8.868686999999999543e-01 -2.348484999999999878e-01 6.439393999999999674e-02 3.697642999999999791e+00 -1.515151999999999992e-02
2.689393999999999951e-01 4.856565999999999661e-02 7.021212000000000009e-01 1.970706999999999986e-09 9.632155000000000022e-01 -7.313131000000000492e-01 5.808080999999999661e-02 1.243939000000000017e-01 2.509764000000000106e+00 -2.666666999999999996e-02
3.013636000000000092e-01 5.088888999999999913e-02 7.327609000000000483e-01 2.366666999999999930e-09 9.940236000000000072e-01 -1.177777999999999992e+00 -5.631313000000000013e-01 8.106061000000000516e-02 3.075420999999999960e+00 6.666667000000000252e-03
3.313635999999999804e-01 4.563636000000000081e-02 6.411784999999999846e-01 1.879124999999999960e-09 9.682659999999999600e-01 -1.088888999999999996e+00 -7.323232000000000352e-02 9.348484999999999434e-02 3.457238999999999951e+00 1.313131000000000020e-02
2.756061000000000205e-01 4.901010000000000089e-02 6.839393999999999751e-01 1.704040000000000042e-09 9.729797999999999503e-01 -1.224242000000000052e+00 -5.808080999999999661e-02 7.833333000000000657e-02 2.533332999999999835e+00 1.494948999999999931e-02
3.140909000000000062e-01 4.525252999999999914e-02 6.529629999999999601e-01 2.035354000000000042e-09 9.654040000000000399e-01 -8.666667000000000121e-01 -9.873737000000000208e-01 1.404545000000000099e-01 3.047137999999999902e+00 -1.131312999999999937e-02
3.325757999999999770e-01 4.884847999999999968e-02 7.297306000000000070e-01 2.436700000000000074e-09 9.968854999999999800e-01 -9.151515000000000066e-01 1.085858999999999991e-01 9.984848000000000334e-02 3.301683999999999841e+00 -3.232323000000000054e-03
2.880303000000000169e-01 5.002020000000000077e-02 6.495959999999999512e-01 2.452861999999999961e-09 9.706228999999999552e-01 -1.024242000000000097e+00 -4.722221999999999809e-01 6.500000000000000222e-02 3.292256000000000071e+00 -1.373737000000000048e-02
3.110606000000000204e-01 4.553535000000000221e-02 7.317508000000000346e-01 1.994949000000000118e-09 9.630471000000000448e-01 -8.747475000000000112e-01 -8.863636000000000292e-01 9.590909000000000240e-02 3.032996999999999943e+00 2.686869000000000063e-02
3.240909000000000151e-01 4.836363999999999941e-02 6.849494999999999889e-01 1.801009999999999967e-09 9.889731000000000494e-01 -1.161615999999999982e+00 3.863635999999999737e-01 1.280303000000000135e-01 2.382492000000000054e+00 -8.888889000000000512e-03
2.765152000000000165e-01 4.876768000000000075e-02 7.179461000000000315e-01 2.304714000000000030e-09 9.603534999999999711e-01 -1.010100999999999916e+00 -3.257575999999999805e-01 1.486364000000000019e-01 2.307071000000000094e+00 -4.242423999999999848e-03
3.022727000000000053e-01 4.591918999999999862e-02 6.694613000000000369e-01 2.070370000000000162e-09 9.844275999999999582e-01 -7.232323000000000501e-01 -8.813130999999999604e-01 9.287879000000000274e-02 3.438384000000000107e+00 1.838383999999999852e-02
3.322726999999999764e-01 4.905050999999999856e-02 7.054882000000000097e-01 1.906060999999999835e-09 9.832492000000000454e-01 -1.280807999999999947e+00 2.247474999999999890e-01 6.893939000000000317e-02 3.122558999999999862e+00 -1.898990000000000053e-02
2.807575999999999961e-01 4.711110999999999771e-02 7.004377000000000519e-01 1.857576000000000080e-09 9.749999999999999778e-01 -7.454545000000000199e-01 -7.702020000000000532e-01 6.863635999999999349e-02 2.472053999999999974e+00 -6.666667000000000252e-03
3.056060999999999916e-01 4.569697000000000342e-02 7.270370000000000443e-01 2.277778000000000155e-09 9.526094000000000506e-01 -1.094948999999999950e+00 -1.085858999999999991e-01 1.380302999999999947e-01 3.480808000000000124e+00 1.696970000000000076e-02
3.446969999999999756e-01 5.066666999999999699e-02 6.489226000000000161e-01 2.019192000000000155e-09 9.918350000000000222e-01 -1.135353999999999974e+00 1.338383999999999963e-01 1.034848000000000018e-01 3.197979999999999823e+00 -1.030302999999999948e-02
2.892424000000000106e-01 5.084848000000000146e-02 6.691245999999999583e-01 2.404377000000000206e-09 9.985690000000000399e-01 -9.797979999999999468e-01 1.893939000000000039e-01 8.530303000000000191e-02 3.146128000000000036e+00 8.686868999999999841e-03
2.901515000000000066e-01 4.547475000000000128e-02 7.253534999999999844e-01 2.056902000000000018e-09 9.741581999999999741e-01 -1.242423999999999973e+00 -3.863635999999999737e-01 1.289394000000000096e-01 3.381817999999999991e+00 -2.383837999999999929e-02
3.434847999999999790e-01 4.715152000000000232e-02 6.755219000000000085e-01 1.768687000000000098e-09 9.610269000000000172e-01 -7.535353999999999663e-01 -5.227273000000000058e-01 9.954544999999999366e-02 2.604039999999999910e+00 1.535354000000000059e-02
2.856060999999999739e-01 4.951515000000000083e-02 6.768686999999999898e-01 2.110774000000000181e-09 9.586700000000000221e-01 -7.676768000000000480e-01 -9.520201999999999831e-01 8.378787999999999514e-02 3.127273000000000192e+00 -2.181817999999999952e-02
3.153029999999999999e-01 4.828282999999999880e-02 6.677777999999999770e-01 1.792929000000000024e-09 9.837542000000000231e-01 -1.141413999999999929e+00 3.207071000000000227e-01 1.413636000000000059e-01 3.631650000000000045e+00 -1.818182000000000001e-03
3.262121000000000048e-01 4.509090999999999794e-02 7.334342999999999835e-01 2.363973000000000187e-09 9.793771000000000004e-01 -9.656565999999999761e-01 -2.777777999999999844e-02 9.893939000000000206e-02 2.420202000000000186e+00 1.212121000000000032e-02
2.786364000000000063e-01 4.781818000000000179e-02 7.044780999999999960e-01 2.267002999999999849e-09 9.925083999999999573e-01 -1.298990000000000089e+00 -3.964646000000000003e-01 1.310605999999999993e-01 2.401346999999999898e+00 -4.646464999999999797e-03
2.940908999999999884e-01 5.068687000000000192e-02 6.425252999999999659e-01 1.803703999999999917e-09 9.628788000000000347e-01 -1.044443999999999928e+00 2.398990000000000011e-01 7.257576000000000305e-02 3.188552000000000053e+00 1.393938999999999942e-02
3.483333000000000124e-01 4.612121000000000276e-02 7.108754000000000461e-01 2.170033999999999829e-09 9.675926000000000249e-01 -7.050505000000000244e-01 -5.681817999999999591e-01 1.031818000000000041e-01 3.386531999999999876e+00 -1.151515000000000004e-02
2.740909000000000262e-01 4.888888999999999735e-02 7.283838000000000257e-01 2.116162000000000080e-09 9.558081000000000493e-01 -8.949494999999999534e-01 3.358586000000000071e-01 1.346970000000000112e-01 3.193265999999999938e+00 1.979797999999999975e-02
2.925757999999999970e-01 4.543433999999999667e-02 6.607070999999999916e-01 2.358586000000000193e-09 9.709596000000000338e-01 -1.254545000000000021e+00 -6.590909000000000351e-01 9.772727000000000497e-02 3.273400999999999783e+00 -2.282827999999999941e-02
3.419696999999999876e-01 5.024242000000000291e-02 6.819191999999999476e-01 1.862963000000000073e-09 9.973906000000000160e-01 -9.333333000000000323e-01 -2.601010000000000266e-01 8.621212000000000319e-02 2.424916000000000071e+00 2.020202000000000022e-03
2.698484999999999912e-01 4.602019999999999722e-02 6.913468000000000391e-01 1.755218999999999954e-09 9.906565999999999983e-01 -1.096970000000000001e+00 -5.883838000000000124e-01 1.465152000000000121e-01 2.962289999999999868e+00 -5.656566000000000025e-03
3.189393999999999840e-01 4.802019999999999900e-02 6.458922999999999748e-01 2.132323000000000061e-09 9.724747000000000252e-01 -1.103029999999999955e+00 1.540403999999999940e-01 6.348484999999999545e-02 3.443097999999999992e+00 -2.868686999999999973e-02
3.286363999999999952e-01 4.983838000000000157e-02 7.374747000000000385e-01 2.342423999999999893e-09 9.655723999999999974e-01 -8.505051000000000139e-01 -1.136363999999999985e-01 1.171211999999999948e-01 2.754881999999999831e+00 2.464645999999999851e-02
2.616666999999999743e-01 5.056565999999999839e-02 6.788889000000000173e-01 2.137710000000000055e-09 9.854376999999999720e-01 -7.272726999999999942e-01 1.742423999999999917e-01 1.231817999999999941e-01 2.750167999999999946e+00 7.474747000000000335e-03
3.192423999999999817e-01 4.783837999999999979e-02 7.398316000000000336e-01 1.911447999999999829e-09 9.827441000000000093e-01 -1.216161999999999965e+00 -8.560605999999999494e-01 1.143939000000000067e-01 3.254544999999999799e+00 2.767676999999999984e-02
3.425757999999999859e-01 4.626262999999999903e-02 6.563299999999999690e-01 2.269697000000000005e-09 9.605219000000000396e-01 -9.555555999999999495e-01 -4.065656999999999743e-01 8.833333000000000157e-02 2.924579000000000040e+00 -2.969696999999999962e-02
2.862121000000000248e-01 4.850505000000000094e-02 6.963972999999999969e-01 2.450167999999999805e-09 9.622053999999999885e-01 -1.274747000000000074e+00 1.590909000000000073e-01 1.440908999999999940e-01 2.976430999999999827e+00 8.484847999999999696e-03
3.007576000000000138e-01 4.913130999999999748e-02 6.640741000000000005e-01 1.747138000000000011e-09 9.909932999999999659e-01 -1.000000000000000000e+00 -8.055556000000000383e-01 1.098485000000000017e-01 2.721886000000000028e+00 -2.949494999999999895e-02
3.353030000000000177e-01 4.660605999999999777e-02 7.394948999999999550e-01 2.073063999999999905e-09 9.785354000000000552e-01 -7.757576000000000471e-01 -6.313130999999999604e-02 6.621211999999999931e-02 3.344107999999999858e+00 1.454544999999999970e-02
2.804544999999999955e-01 4.820201999999999820e-02 6.671044000000000418e-01 1.852189000000000086e-09 9.805555999999999717e-01 -7.151515000000000510e-01 -9.368686999999999987e-01 1.319696999999999953e-01 2.688889000000000085e+00 3.434342999999999858e-03
3.016667000000000098e-01 4.957576000000000344e-02 7.027946000000000470e-01 1.997642999999999861e-09 9.967171999999999699e-01 -1.230302999999999924e+00 2.954545000000000088e-01 7.772727000000000108e-02 3.527946000000000026e+00 1.636363999999999874e-02
3.371212000000000097e-01 4.585858999999999769e-02 7.098653000000000324e-01 2.463635999999999949e-09 9.500842000000000453e-01 -1.078788000000000080e+00 -1.338383999999999963e-01 1.159091000000000010e-01 2.901009999999999867e+00 -1.171717000000000071e-02
2.716666999999999832e-01 4.971716999999999803e-02 6.836027000000000076e-01 1.822559000000000055e-09 9.694443999999999839e-01 -1.105051000000000005e+00 -4.015152000000000165e-01 1.422727000000000019e-01 2.868012999999999924e+00 2.929292999999999828e-02
3.128788000000000125e-01 4.541413999999999868e-02 6.613805000000000378e-01 2.350505000000000043e-09 9.568181999999999521e-01 -8.787878999999999552e-01 9.848484999999999878e-02 1.022726999999999942e-01 3.636363999999999930e+00 -7.272726999999999664e-03
3.277272999999999992e-01 4.808081000000000160e-02 7.233332999999999569e-01 2.161953000000000093e-09 9.982322999999999613e-01 -1.084848000000000035e+00 -5.277777999999999636e-01 6.196970000000000256e-02 2.523906000000000205e+00 -1.313131000000000020e-02
2.813635999999999915e-01 4.531313000000000007e-02 7.142424000000000550e-01 2.129629999999999810e-09 9.946970000000000534e-01 -1.212121000000000004e+00 -1.843433999999999906e-01 7.136364000000000596e-02 3.428955999999999893e+00 8.080808000000000088e-03
2.934847999999999901e-01 5.006060999999999844e-02 6.916835000000000067e-01 2.310101000000000024e-09 9.746633000000000102e-01 -7.939393999999999618e-01 -8.106060999999999961e-01 1.449999999999999900e-01 2.674746999999999986e+00 2.202020000000000019e-02
3.250000000000000111e-01 4.898990000000000289e-02 6.630639999999999867e-01 1.763299999999999898e-09 9.566497999999999946e-01 -1.038383999999999974e+00 3.106060999999999961e-01 9.803030000000000077e-02 2.872726999999999808e+00 -2.929292999999999828e-02
2.743939000000000239e-01 5.010101000000000138e-02 7.378114000000000061e-01 1.935689999999999961e-09 9.598484999999999934e-01 -1.060605999999999938e+00 -4.419192000000000120e-01 7.045455000000000467e-02 2.811447999999999947e+00 1.333332999999999914e-02
3.004545000000000132e-01 4.816162000000000221e-02 6.738383999999999485e-01 2.240066999999999974e-09 9.913300000000000445e-01 -1.276767999999999903e+00 -7.398989999999999734e-01 1.459091000000000138e-01 3.278113999999999972e+00 -1.959595999999999907e-02
3.437878999999999796e-01 4.549494999999999928e-02 6.650842000000000143e-01 2.178114000000000074e-09 9.691077000000000163e-01 -7.252524999999999666e-01 2.651514999999999844e-01 1.053029999999999938e-01 2.764310000000000045e+00 8.888889000000000512e-03
2.853029999999999733e-01 4.555556000000000189e-02 7.038046999999999498e-01 2.323569000000000168e-09 9.866162000000000543e-01 -9.010101000000000360e-01 4.772726999999999942e-01 7.318181999999999465e-02 3.221548999999999996e+00 -1.414141000000000009e-02
3.104545000000000221e-01 5.028283000000000058e-02 7.102020000000000000e-01 1.722896000000000086e-09 9.768518999999999952e-01 -7.898990000000000178e-01 -2.449494999999999867e-01 1.334847999999999868e-01 2.377778000000000169e+00 -1.010101000000000011e-03
3.213636000000000270e-01 4.822222000000000314e-02 6.485859000000000485e-01 2.199662999999999955e-09 9.642256000000000160e-01 -1.296969999999999956e+00 -8.661615999999999760e-01 1.040909000000000001e-01 3.263973000000000013e+00 1.131312999999999937e-02
2.692423999999999928e-01 4.826263000000000081e-02 7.263635999999999981e-01 2.466330000000000106e-09 9.840908999999999907e-01 -1.062626000000000071e+00 1.691919000000000062e-01 7.924241999999999397e-02 3.108417999999999903e+00 1.858585999999999919e-02
3.162120999999999960e-01 4.927273000000000069e-02 6.462290000000000534e-01 1.854881999999999923e-09 9.620370000000000310e-01 -7.434342999999999924e-01 -2.803030000000000244e-01 9.409090999999999982e-02 3.504376999999999853e+00 -5.858585999999999828e-03
3.389394000000000018e-01 4.583837999999999802e-02 6.943770999999999693e-01 2.121549000000000074e-09 9.728113999999999928e-01 -1.208080999999999960e+00 -6.237373999999999974e-01 1.371211999999999986e-01 2.396633000000000013e+00 -1.838383999999999852e-02
2.792424000000000017e-01 4.707071000000000172e-02 7.186194999999999666e-01 2.172727000000000080e-09 9.753366999999999454e-01 -1.288888999999999951e+00 -3.308080999999999938e-01 6.560605999999999383e-02 2.325925999999999938e+00 9.090908999999999449e-03
3.180302999999999880e-01 4.608080999999999983e-02 6.687878999999999907e-01 2.490571999999999824e-09 9.898147999999999946e-01 -7.373737000000000208e-01 1.262626000000000026e-02 1.153030000000000027e-01 3.240403999999999840e+00 -1.676768000000000008e-02
3.340909000000000240e-01 5.042424000000000212e-02 7.031313000000000146e-01 1.811785000000000067e-09 9.534512000000000542e-01 -9.696970000000000312e-01 -5.530302999999999747e-01 1.407576000000000105e-01 3.065993000000000190e+00 1.414141000000000009e-02
2.653030000000000110e-01 4.515152000000000054e-02 7.011110999999999871e-01 2.320875000000000012e-09 9.797137999999999680e-01 -1.042424000000000017e+00 2.500000000000000000e-01 1.277272999999999881e-01 3.485522000000000009e+00 5.050505000000000272e-03
3.059090999999999894e-01 4.878787999999999875e-02 6.438720999999999473e-01 1.938384000000000117e-09 9.931818000000000035e-01 -1.236364000000000019e+00 -6.540403999999999662e-01 9.560606000000000659e-02 2.486194999999999933e+00 1.292928999999999953e-02
3.210605999999999738e-01 5.078788000000000052e-02 7.290571999999999608e-01 1.976093999999999980e-09 9.522726999999999720e-01 -8.444443999999999839e-01 -2.095960000000000045e-01 7.984847999999999946e-02 3.080134999999999845e+00 -1.555555999999999953e-02
2.783333000000000057e-01 4.779797999999999686e-02 6.435353999999999797e-01 2.434006999999999823e-09 9.822391000000000316e-01 -1.258585999999999983e+00 2.449494999999999867e-01 1.068182000000000020e-01 2.585185000000000066e+00 1.090908999999999976e-02
3.049999999999999933e-01 4.599999999999999922e-02 7.351178000000000434e-01 2.164645999999999930e-09 9.899831999999999521e-01 -7.777777999999999636e-01 -8.333332999999999713e-02 1.237879000000000063e-01 3.593939000000000217e+00 -1.535354000000000059e-02
3.310605999999999827e-01 4.943434000000000023e-02 6.809091000000000449e-01 1.895285999999999942e-09 9.542928999999999995e-01 -9.777778000000000302e-01 -9.924241999999999786e-01 6.651514999999999511e-02 2.943433999999999884e+00 4.040404000000000044e-03
2.834847999999999812e-01 4.648485000000000117e-02 7.243433999999999706e-01 2.081145000000000055e-09 9.588383999999999796e-01 -1.016162000000000010e+00 -2.247474999999999890e-01 6.015151999999999999e-02 3.692928999999999906e+00 4.444443999999999652e-03
3.031818000000000013e-01 4.721212000000000325e-02 6.627273000000000192e-01 2.299327000000000036e-09 9.987373999999999974e-01 -7.212121000000000226e-01 2.272727000000000080e-02 1.186364000000000030e-01 2.684175000000000200e+00 2.060605999999999896e-02
3.253030000000000088e-01 5.048484999999999778e-02 6.805723999999999663e-01 1.881817999999999798e-09 9.697810999999999515e-01 -1.240404000000000062e+00 -6.085859000000000130e-01 1.437878999999999963e-01 2.773737000000000119e+00 -1.979797999999999975e-02
2.777273000000000103e-01 4.864646000000000248e-02 7.182827999999999991e-01 1.760605999999999948e-09 9.938552000000000497e-01 -7.858585999999999627e-01 -4.797980000000000300e-02 1.365152000000000032e-01 3.160268999999999995e+00 -1.757575999999999930e-02
3.053029999999999911e-01 4.636363999999999763e-02 6.960606000000000293e-01 2.409764000000000200e-09 9.643939000000000261e-01 -1.266666999999999987e+00 1.944443999999999895e-01 6.772727000000000608e-02 3.362963000000000147e+00 -7.676767999999999613e-03
3.422726999999999853e-01 4.925253000000000270e-02 6.519528999999999463e-01 2.102693999999999936e-09 9.721379999999999466e-01 -9.939394000000000284e-01 -8.712121000000000448e-01 1.192423999999999984e-01 2.519191999999999876e+00 2.242424000000000153e-02
2.686363999999999974e-01 4.575757999999999909e-02 6.455556000000000072e-01 2.159258999999999936e-09 9.701178000000000301e-01 -1.068686999999999943e+00 -4.469697000000000253e-01 7.742424000000000528e-02 3.626936000000000160e+00 8.282828000000000759e-03
3.095454999999999735e-01 4.787878999999999746e-02 7.128955999999999626e-01 2.477104000000000093e-09 9.618687000000000209e-01 -7.393939000000000483e-01 -6.843434000000000461e-01 1.116666999999999937e-01 2.476767999999999859e+00 -1.777777999999999997e-02
3.380303000000000058e-01 4.977778000000000064e-02 6.920201999999999742e-01 1.927608999999999811e-09 9.851010000000000044e-01 -1.119191999999999965e+00 2.550505000000000133e-01 1.359091000000000049e-01 2.929292999999999925e+00 2.888889000000000040e-02
2.734847999999999724e-01 4.628282999999999703e-02 6.711447999999999858e-01 2.083837999999999892e-09 9.544612999999999570e-01 -9.818181999999999743e-01 -8.964645999999999448e-01 1.028788000000000064e-01 2.358922999999999881e+00 -5.252525000000000076e-03
3.086363999999999774e-01 4.862625999999999754e-02 7.203030000000000266e-01 1.744444000000000061e-09 9.884680000000000133e-01 -8.242424000000000417e-01 4.520201999999999831e-01 7.166667000000000176e-02 3.169697000000000209e+00 -1.292928999999999953e-02
3.292423999999999906e-01 5.064645999999999731e-02 6.873063999999999840e-01 2.458248999999999955e-09 9.825757999999999992e-01 -1.129293000000000102e+00 -3.560606000000000049e-01 1.389393999999999907e-01 3.391246000000000205e+00 1.737373999999999863e-02
2.771212000000000120e-01 4.597980000000000123e-02 6.570034000000000152e-01 1.965319999999999992e-09 9.652357000000000298e-01 -7.878787999999999903e-01 1.388889000000000096e-01 6.257575999999999417e-02 3.141414000000000151e+00 -9.292929000000000120e-03
2.992424000000000195e-01 5.062625999999999932e-02 7.017845000000000333e-01 2.180807999999999817e-09 9.849326999999999943e-01 -1.113131000000000093e+00 -3.762626000000000026e-01 1.025757999999999948e-01 2.330639999999999823e+00 2.949494999999999895e-02
3.359091000000000160e-01 4.723232000000000125e-02 7.152524999999999578e-01 2.234679999999999980e-09 9.696128000000000524e-01 -1.034343000000000012e+00 -7.247474999999999890e-01 1.495454999999999979e-01 3.565656999999999854e+00 -1.878787999999999986e-02
2.759091000000000182e-01 4.733332999999999985e-02 6.792255999999999849e-01 1.795622999999999973e-09 9.505892000000000230e-01 -1.098989999999999911e+00 3.308080999999999938e-01 8.924242000000000286e-02 3.395960000000000090e+00 -2.828283000000000012e-03
3.119697000000000164e-01 4.638384000000000257e-02 7.115487999999999813e-01 2.447474999999999967e-09 9.894781000000000271e-01 -1.111110999999999960e+00 -2.398990000000000011e-01 1.477273000000000058e-01 2.990571999999999786e+00 2.080807999999999963e-02
3.356061000000000183e-01 4.929292999999999869e-02 6.509428000000000436e-01 2.054209000000000180e-09 9.771885999999999628e-01 -7.171716999999999675e-01 -8.459596000000000338e-01 9.196970000000000145e-02 2.542761000000000049e+00 -1.595960000000000087e-02
2.768182000000000142e-01 4.842424000000000034e-02 6.566667000000000476e-01 2.442087999999999974e-09 9.510942999999999481e-01 -8.585859000000000130e-01 -6.338384000000000240e-01 1.083332999999999935e-01 3.018854999999999844e+00 1.272727000000000060e-02
2.977272999999999725e-01 4.987878999999999924e-02 6.947138000000000480e-01 1.739057000000000067e-09 9.977272999999999836e-01 -1.264645999999999937e+00 -4.621212000000000097e-01 1.222726999999999981e-01 3.245118000000000169e+00 1.616161999999999981e-03
3.456061000000000272e-01 4.614141000000000076e-02 7.135690000000000088e-01 2.040741000000000036e-09 9.689394000000000062e-01 -9.353534999999999489e-01 3.813131000000000159e-01 6.924241999999999897e-02 2.679460999999999871e+00 -1.717172000000000143e-02
2.801514999999999977e-01 4.735353999999999952e-02 6.610437999999999592e-01 2.388214999999999905e-09 9.585017000000000120e-01 -9.616162000000000321e-01 -1.262626000000000026e-02 8.075757999999999548e-02 2.490908999999999818e+00 -2.646464999999999929e-02
2.946969999999999867e-01 4.630303000000000196e-02 6.825925999999999938e-01 1.897980000000000098e-09 9.930134999999999934e-01 -1.290909000000000084e+00 2.777777999999999844e-02 1.234848000000000057e-01 3.094275999999999804e+00 2.646464999999999929e-02
3.237879000000000174e-01 5.026263000000000258e-02 7.304040000000000532e-01 2.078450999999999898e-09 9.798822000000000365e-01 -7.737374000000000196e-01 -7.954544999999999533e-01 1.110605999999999954e-01 3.513805000000000067e+00 -6.262626000000000304e-03
2.837878999999999818e-01 4.852524999999999894e-02 6.990908999999999596e-01 2.296632999999999880e-09 9.600168000000000035e-01 -1.256566000000000072e+00 -4.924241999999999786e-01 7.893938999999999817e-02 3.268686999999999898e+00 2.969696999999999962e-02
3.074241999999999808e-01 4.557575999999999988e-02 6.546465000000000201e-01 2.145791000000000206e-09 9.941919000000000173e-01 -1.014140999999999959e+00 -5.429292999999999481e-01 1.140908999999999951e-01 2.462626000000000204e+00 -2.686869000000000063e-02
3.256061000000000094e-01 5.086869000000000113e-02 7.209763999999999617e-01 1.922221999999999817e-09 9.824074000000000417e-01 -7.919192000000000453e-01 3.914140999999999870e-01 1.307576000000000016e-01 3.226262999999999881e+00 -4.040404000000000044e-03
2.762121000000000159e-01 4.727272999999999892e-02 6.472390999999999561e-01 2.062289999999999917e-09 9.669191999999999787e-01 -7.838384000000000462e-01 1.792929000000000050e-01 1.425758000000000025e-01 3.424242000000000008e+00 1.414141000000000052e-03
3.156061000000000005e-01 5.060606000000000132e-02 7.293939000000000394e-01 2.471717000000000099e-09 9.613635999999999848e-01 -1.167677000000000076e+00 -7.828282999999999769e-02 7.681817999999999980e-02 3.042424000000000017e+00 -1.090908999999999976e-02
3.280302999999999969e-01 4.618181999999999843e-02 6.930302999999999880e-01 1.774074000000000092e-09 9.886363999999999708e-01 -1.048484999999999889e+00 -8.207071000000000227e-01 9.924241999999999786e-02 2.321212000000000053e+00 1.232322999999999925e-02
2.625758000000000258e-01 4.777777999999999886e-02 7.256901999999999520e-01 2.167340000000000086e-09 9.773568999999999729e-01 -8.404040000000000399e-01 -9.267676999999999721e-01 8.590908999999999351e-02 3.377104000000000106e+00 -1.212121000000000032e-03
3.028788000000000036e-01 4.698990000000000111e-02 6.751852000000000409e-01 2.412457999999999942e-09 9.891413999999999485e-01 -9.858586000000000293e-01 4.924241999999999786e-01 1.353030000000000066e-01 2.528620000000000090e+00 -1.474747000000000037e-02
3.431817999999999813e-01 4.945454999999999990e-02 6.654208999999999818e-01 1.701346999999999998e-09 9.645622999999999836e-01 -1.193939000000000084e+00 -1.792929000000000050e-01 9.621211999999999820e-02 2.896295999999999982e+00 1.656565999999999941e-02
2.604544999999999777e-01 4.709090999999999971e-02 7.192929000000000128e-01 1.871043999999999810e-09 9.817339999999999955e-01 -1.030302999999999969e+00 2.904039999999999955e-01 9.500000000000000111e-02 3.659933000000000103e+00 -1.191918999999999965e-02
3.068181999999999854e-01 4.634342999999999796e-02 6.580135000000000289e-01 2.345118000000000049e-09 9.578282999999999658e-01 -8.525253000000000414e-01 -1.439393999999999951e-01 1.474242000000000052e-01 2.434343000000000146e+00 3.030302999999999816e-03
3.377273000000000081e-01 4.989898999999999724e-02 6.937037000000000342e-01 2.043433999999999873e-09 9.834175000000000555e-01 -1.228283000000000014e+00 -8.762626000000000026e-01 6.742423999999999640e-02 2.835017000000000120e+00 1.676768000000000008e-02
2.816666999999999921e-01 4.911110999999999949e-02 6.923569000000000528e-01 2.328956000000000162e-09 9.776936000000000515e-01 -1.090908999999999907e+00 -8.308081000000000493e-01 7.560606000000000271e-02 2.439057000000000031e+00 -2.484847999999999918e-02
2.919696999999999987e-01 4.874747000000000108e-02 7.213131000000000403e-01 1.730975999999999917e-09 9.593433999999999573e-01 -7.474747000000000474e-01 -4.974746999999999919e-01 1.107575999999999977e-01 3.494949000000000083e+00 1.717172000000000143e-02
3.480303000000000146e-01 4.527272999999999714e-02 6.721548999999999996e-01 2.097306000000000036e-09 9.881313000000000457e-01 -1.163635999999999893e+00 3.762626000000000026e-01 1.283333000000000113e-01 2.981145000000000156e+00 9.494949000000000791e-03
2.728787999999999769e-01 4.830302999999999680e-02 7.357911999999999786e-01 1.806396999999999961e-09 9.714646000000000114e-01 -1.139394000000000018e+00 2.196970000000000034e-01 1.383332999999999924e-01 2.736026999999999987e+00 -5.050505000000000272e-03
3.125758000000000147e-01 5.082828000000000346e-02 6.536364000000000063e-01 2.100000000000000193e-09 9.989057000000000075e-01 -7.070707000000000519e-01 -2.904039999999999955e-01 1.049999999999999961e-01 3.155555999999999806e+00 -1.050505000000000015e-02
3.228788000000000213e-01 4.587879000000000262e-02 6.842761000000000537e-01 2.380135000000000074e-09 9.529461000000000181e-01 -1.002019999999999911e+00 -8.257575999999999805e-01 7.712120999999999560e-02 3.249832000000000054e+00 1.111111000000000043e-02
2.810605999999999938e-01 5.030302999999999858e-02 6.822559000000000262e-01 1.968012999999999830e-09 9.507575999999999805e-01 -1.036364000000000063e+00 3.055555999999999828e-01 1.225757999999999986e-01 2.457911999999999875e+00 1.212121000000000032e-03
3.025758000000000059e-01 4.658585999999999977e-02 6.526262999999999925e-01 1.908754000000000086e-09 9.984007000000000298e-01 -8.707070999999999561e-01 -3.207071000000000227e-01 1.177272999999999931e-01 3.579797999999999814e+00 -2.040403999999999829e-02
3.474242000000000163e-01 4.737373999999999752e-02 7.240067000000000030e-01 2.431313000000000081e-09 9.808923000000000503e-01 -1.131313000000000013e+00 -5.479798000000000169e-01 8.287878999999999385e-02 3.028283000000000058e+00 2.585859000000000074e-02
2.825757999999999881e-01 4.890909000000000229e-02 7.206396999999999942e-01 2.291245999999999886e-09 9.953703999999999885e-01 -9.595960000000000045e-01 3.510100999999999916e-01 1.492423999999999973e-01 3.131987000000000076e+00 2.828283000000000012e-03
3.034847999999999990e-01 4.565657000000000049e-02 6.532997000000000387e-01 1.873737000000000061e-09 9.770202000000000053e-01 -8.969696999999999809e-01 -1.237373999999999974e-01 6.954544999999999477e-02 2.349495000000000111e+00 1.595960000000000087e-02
3.440908999999999773e-01 4.973737000000000297e-02 6.795622999999999525e-01 2.005724000000000011e-09 9.524411000000000405e-01 -1.149494999999999933e+00 -5.378787999999999903e-01 1.071211999999999998e-01 3.532659999999999911e+00 -2.222222000000000086e-02
2.704544999999999866e-01 4.917172000000000209e-02 6.866330000000000489e-01 1.986868999999999873e-09 9.531144999999999756e-01 -8.989899000000000084e-01 -7.045455000000000467e-01 1.489393999999999996e-01 3.089561999999999919e+00 -1.575758000000000020e-02
3.071211999999999831e-01 4.674746999999999930e-02 6.452189000000000396e-01 2.275083999999999999e-09 9.975589000000000262e-01 -1.159596000000000071e+00 2.045454999999999912e-01 1.004545000000000021e-01 3.542088000000000125e+00 -8.080808000000000305e-04
3.316666999999999810e-01 4.840404000000000234e-02 7.364646000000000248e-01 1.887205000000000205e-09 9.763467999999999591e-01 -9.838384000000000018e-01 -1.742423999999999917e-01 7.409090999999999594e-02 2.406060999999999783e+00 2.101010000000000030e-02
2.780303000000000080e-01 5.090908999999999712e-02 6.785522000000000498e-01 2.024579000000000149e-09 9.950337000000000209e-01 -1.012121000000000048e+00 -5.782827999999999857e-01 1.456060999999999883e-01 2.566329999999999778e+00 -2.424242000000000063e-03
3.198484999999999800e-01 4.646465000000000317e-02 7.273737000000000119e-01 1.919528999999999979e-09 9.536194999999999533e-01 -1.157575999999999938e+00 3.560606000000000049e-01 1.150000000000000050e-01 3.174411000000000094e+00 -1.818182000000000131e-02
3.231818000000000191e-01 4.757576000000000166e-02 6.448821999999999610e-01 2.337036999999999899e-09 9.760100999999999916e-01 -7.717171999999999921e-01 -1.287879000000000107e-01 6.378788000000000513e-02 3.320539000000000129e+00 1.575758000000000020e-02
2.607575999999999783e-01 4.793938999999999839e-02 6.583501999999999965e-01 1.943771000000000111e-09 9.864477999999999858e-01 -9.898989999999999734e-01 2.853534999999999822e-01 9.378788000000000402e-02 3.410101000000000049e+00 2.161615999999999885e-02
3.046969999999999956e-01 4.513131000000000087e-02 7.307407000000000208e-01 2.326262999999999911e-09 9.665825000000000111e-01 -8.222222000000000142e-01 -7.752525000000000110e-01 1.428788000000000002e-01 3.009428000000000214e+00 6.060606000000000500e-04
3.416666999999999899e-01 5.020201999999999998e-02 6.741751000000000271e-01 2.186194999999999811e-09 9.674241999999999564e-01 -1.210101000000000093e+00 -4.570706999999999964e-01 7.651515000000000399e-02 2.622895999999999894e+00 -2.101010000000000030e-02
2.665152000000000077e-01 4.791919000000000040e-02 6.718182000000000320e-01 2.361279000000000031e-09 9.896464999999999845e-01 -7.333332999999999657e-01 -2.196970000000000034e-01 8.015152000000000387e-02 3.560942999999999969e+00 -3.838383999999999806e-03
3.131818000000000102e-01 4.668686999999999837e-02 6.758585999999999760e-01 2.032659999999999886e-09 9.541245999999999894e-01 -1.155556000000000028e+00 4.267677000000000276e-01 1.350000000000000089e-01 2.910438000000000081e+00 2.626262999999999861e-02
3.304544999999999844e-01 4.923232000000000302e-02 7.300672999999999746e-01 1.717507999999999980e-09 9.788721000000000227e-01 -1.046464999999999979e+00 -7.601010000000000266e-01 9.227272999999999725e-02 2.693602999999999970e+00 -2.080807999999999963e-02
2.634848000000000190e-01 4.961615999999999943e-02 6.997643000000000058e-01 2.261615999999999855e-09 9.963805000000000023e-01 -1.181818000000000035e+00 -3.510100999999999916e-01 1.259090999999999960e-01 3.212120999999999782e+00 2.606061000000000141e-02
2.949999999999999845e-01 4.692928999999999851e-02 7.324241999999999697e-01 2.140403999999999798e-09 9.517676999999999943e-01 -8.929293000000000369e-01 3.787879000000000246e-02 8.166666999999999677e-02 2.340066999999999897e+00 -7.070706999999999860e-03
3.489394000000000107e-01 4.753534999999999705e-02 6.428620000000000445e-01 1.836026999999999992e-09 9.766835000000000377e-01 -1.032323000000000102e+00 -8.358586000000000071e-01 1.043938999999999978e-01 3.259259000000000128e+00 -1.616162000000000154e-02
2.883333000000000146e-01 5.092929000000000206e-02 7.034679999999999822e-01 2.105387000000000187e-09 9.916667000000000121e-01 -7.979798000000000169e-01 -7.651514999999999844e-01 7.196969999999999756e-02 2.637036999999999853e+00 4.040404000000000152e-04
2.965151999999999788e-01 4.769696999999999826e-02 6.553198999999999552e-01 2.425926000000000087e-09 9.617002999999999524e-01 -1.004040000000000044e+00 6.313130999999999604e-02 1.453029999999999877e-01 3.150841999999999921e+00 -2.989899000000000029e-02
3.331817999999999724e-01 4.640404000000000057e-02 7.159259000000000039e-01 1.889898999999999948e-09 9.670874999999999888e-01 -1.171716999999999897e+00 -1.767677000000000137e-02 9.651514999999999400e-02 3.612795000000000201e+00 2.808081000000000119e-02
2.722726999999999786e-01 5.050505000000000272e-02 7.165993000000000501e-01 1.720201999999999929e-09 9.733165000000000289e-01 -1.082827999999999902e+00 1.186868999999999980e-01 1.059091000000000060e-01 3.433670000000000222e+00 1.474747000000000037e-02
2.937878999999999907e-01 4.616162000000000043e-02 6.772053999999999574e-01 2.420539000000000093e-09 9.936869000000000396e-01 -1.151515000000000066e+00 -4.292929000000000189e-02 6.681818000000000479e-02 2.561615999999999893e+00 -1.434343000000000076e-02
3.471212000000000186e-01 4.886868999999999935e-02 6.714814999999999534e-01 2.229292999999999986e-09 9.504209000000000129e-01 -8.161616000000000426e-01 -7.803029999999999688e-01 1.331817999999999891e-01 2.967003000000000057e+00 -7.474747000000000335e-03
2.707575999999999872e-01 4.581818000000000002e-02 6.431987000000000121e-01 1.949158000000000105e-09 9.736531999999999965e-01 -1.074746999999999897e+00 4.065656999999999743e-01 1.240909000000000040e-01 2.670033999999999796e+00 5.252525000000000076e-03
3.019697000000000076e-01 4.896969999999999795e-02 7.189562000000000452e-01 2.237374000000000136e-09 9.590066999999999897e-01 -7.010100999999999694e-01 -6.742424000000000195e-01 6.409091000000000093e-02 3.061278999999999861e+00 1.797980000000000064e-02
3.465152000000000232e-01 4.965656999999999710e-02 7.064983000000000235e-01 2.135016999999999804e-09 9.972221999999999476e-01 -1.175758000000000081e+00 -4.267677000000000276e-01 1.189394000000000007e-01 3.282827999999999857e+00 -2.707071000000000130e-02
2.795455000000000023e-01 5.072726999999999792e-02 7.330976000000000159e-01 2.075758000000000061e-09 9.765152000000000276e-01 -1.137374000000000107e+00 -7.449495000000000422e-01 1.325757999999999937e-01 3.056566000000000116e+00 -1.393938999999999942e-02
3.001515000000000155e-01 4.511111000000000287e-02 6.862962999999999703e-01 1.776768000000000042e-09 9.879630000000000356e-01 -8.262625999999999582e-01 1.641413999999999929e-01 1.062121000000000037e-01 3.518518999999999952e+00 1.555555999999999953e-02
3.295454999999999912e-01 4.832323000000000174e-02 6.445454999999999934e-01 2.318182000000000174e-09 9.553030000000000133e-01 -9.717171999999999477e-01 -2.651514999999999844e-01 7.075758000000000048e-02 2.443770999999999916e+00 7.070706999999999860e-03
2.628788000000000236e-01 5.016161999999999704e-02 6.728283000000000458e-01 2.312795000000000180e-09 9.723064000000000151e-01 -1.204039999999999999e+00 -9.469697000000000253e-01 1.146969999999999934e-01 2.891582000000000097e+00 4.242423999999999848e-03
3.183332999999999857e-01 4.818182000000000020e-02 7.071716999999999587e-01 1.825253000000000004e-09 9.606902000000000497e-01 -8.080808000000000435e-01 -3.282828000000000135e-02 1.340909000000000129e-01 3.608080999999999872e+00 -2.424242000000000063e-02
3.486364000000000130e-01 4.680808000000000191e-02 6.798990000000000311e-01 2.223905999999999992e-09 9.960438000000000347e-01 -9.454544999999999755e-01 3.282828000000000135e-02 7.106060999999999628e-02 2.575757999999999992e+00 1.515151999999999992e-02
2.843938999999999773e-01 4.682827999999999991e-02 6.980807999999999458e-01 2.245454999999999873e-09 9.995791000000000537e-01 -9.191918999999999507e-01 -8.611111000000000182e-01 1.374241999999999964e-01 3.598653000000000102e+00 -4.040404000000000152e-04
2.913636000000000004e-01 4.703029999999999711e-02 7.078451000000000048e-01 1.833333000000000042e-09 9.726430999999999827e-01 -1.179797999999999902e+00 7.828282999999999769e-02 8.439394000000000062e-02 2.391919000000000128e+00 -2.909091000000000107e-02
3.289393999999999929e-01 5.098989999999999773e-02 6.701346999999999721e-01 2.094613000000000199e-09 9.581650000000000444e-01 -7.414140999999999648e-01 -2.550505000000000133e-01 9.075758000000000436e-02 2.886868999999999907e+00 2.484847999999999918e-02
2.677273000000000014e-01 5.032322999999999658e-02 7.001009999999999733e-01 2.264310000000000011e-09 9.549663000000000457e-01 -8.828283000000000103e-01 -9.848484999999999878e-02 8.045454999999999968e-02 3.523232000000000141e+00 3.838383999999999806e-03
3.107576000000000227e-01 4.571717000000000142e-02 7.310773999999999884e-01 2.213131000000000099e-09 9.781986999999999766e-01 -1.248485000000000067e+00 3.459595999999999782e-01 1.337878999999999874e-01 2.571044000000000107e+00 -1.070707000000000082e-02
3.398484999999999978e-01 4.759595999999999966e-02 6.469023999999999885e-01 1.830639999999999998e-09 9.980639999999999512e-01 -9.171717000000000342e-01 -5.126262999999999792e-01 1.010606000000000004e-01 3.103704000000000018e+00 2.181817999999999952e-02
2.819696999999999898e-01 5.036364000000000118e-02 7.058248999999999773e-01 2.498652999999999974e-09 9.751684000000000463e-01 -8.121211999999999875e-01 1.439393999999999951e-01 9.742423999999999529e-02 2.905724000000000196e+00 -2.060605999999999896e-02
2.980303000000000258e-01 4.701009999999999911e-02 6.603704000000000240e-01 1.757911999999999999e-09 9.869529000000000218e-01 -1.206061000000000050e+00 -5.025252999999999526e-01 6.287879000000000385e-02 3.353534999999999933e+00 -9.494949000000000791e-03
3.374242000000000075e-01 4.642423999999999856e-02 7.216498000000000079e-01 2.013805000000000161e-09 9.660773999999999750e-01 -9.959595999999999449e-01 -3.055555999999999828e-01 1.443938999999999917e-01 2.589898999999999951e+00 2.343434000000000142e-02
2.680302999999999991e-01 4.577777999999999708e-02 6.522896000000000249e-01 2.353199000000000199e-09 9.744949000000000527e-01 -7.575758000000000214e-01 -6.136363999999999708e-01 1.074241999999999975e-01 2.971716999999999942e+00 -1.696970000000000076e-02
3.171211999999999920e-01 4.892929000000000028e-02 7.337709999999999511e-01 1.962625999999999836e-09 9.978955999999999937e-01 -1.070707000000000075e+00 -2.500000000000000000e-01 1.434847999999999957e-01 2.505050999999999917e+00 1.191918999999999965e-02
3.298484999999999889e-01 4.955555999999999850e-02 6.893266000000000115e-01 2.008418000000000167e-09 9.564814999999999845e-01 -1.125253000000000059e+00 1.287879000000000107e-01 6.075757999999999853e-02 3.589226000000000028e+00 3.636364000000000003e-03
2.622727000000000253e-01 4.921211999999999809e-02 6.620538999999999730e-01 1.951851999999999848e-09 9.994108000000000436e-01 -9.575757999999999770e-01 -8.156565999999999539e-01 9.530302999999999691e-02 3.287542000000000186e+00 -3.434342999999999858e-03
3.177272999999999903e-01 4.662626000000000270e-02 6.765320000000000222e-01 1.992255999999999867e-09 9.547980000000000356e-01 -1.270707000000000031e+00 7.575758000000000145e-03 6.530302999999999802e-02 2.712457999999999814e+00 2.262625999999999873e-02
3.350000000000000200e-01 4.771717000000000319e-02 7.287204999999999933e-01 2.280470999999999993e-09 9.739898999999999640e-01 -8.181817999999999591e-01 -7.575758000000000145e-03 1.498484999999999956e-01 2.816161999999999832e+00 -1.454544999999999970e-02
2.650000000000000133e-01 4.579798000000000202e-02 6.539730999999999739e-01 2.191581999999999805e-09 9.882997000000000032e-01 -1.040404000000000106e+00 -6.641413999999999929e-01 1.292424000000000073e-01 2.500337000000000032e+00 1.030302999999999948e-02
2.962120999999999782e-01 4.854544999999999694e-02 7.361278999999999462e-01 1.790235999999999979e-09 9.601851999999999610e-01 -1.244444000000000106e+00 -4.166667000000000010e-01 8.954544999999999866e-02 3.499662999999999968e+00 -1.353534999999999981e-02
3.443938999999999750e-01 4.991919000000000217e-02 6.903367000000000253e-01 2.302019999999999874e-09 9.802189000000000041e-01 -7.090908999999999685e-01 4.419192000000000120e-01 9.166667000000000565e-02 2.769023999999999930e+00 6.262626000000000304e-03
2.889394000000000129e-01 4.903029999999999888e-02 6.502693999999999974e-01 2.215824999999999842e-09 9.561448000000000169e-01 -1.202020000000000088e+00 -3.813131000000000159e-01 1.168181999999999970e-01 2.387204999999999799e+00 2.363635999999999862e-02
3.165151999999999965e-01 4.644443999999999656e-02 7.384848000000000523e-01 1.849494999999999929e-09 9.856061000000000405e-01 -1.072726999999999986e+00 2.601010000000000266e-01 1.410606000000000082e-01 3.372390999999999917e+00 7.878787999999999417e-03
3.219697000000000253e-01 4.838383999999999741e-02 6.974074000000000106e-01 2.372053999999999924e-09 9.819023999999999530e-01 -7.494948999999999639e-01 -5.176768000000000480e-01 6.045455000000000273e-02 2.957575999999999983e+00 -2.525252999999999873e-02
2.895455000000000112e-01 4.979797999999999863e-02 6.442088000000000259e-01 2.355892000000000037e-09 9.596801000000000359e-01 -9.070707000000000075e-01 4.873737000000000208e-01 8.409091000000000482e-02 2.985859000000000041e+00 -2.020202000000000076e-04
2.931817999999999924e-01 4.810100999999999960e-02 6.876430999999999516e-01 1.779461000000000086e-09 9.680976000000000026e-01 -1.183837999999999946e+00 -9.116161999999999876e-01 1.322726999999999931e-01 3.650504999999999889e+00 1.252524999999999993e-02
3.319696999999999787e-01 4.632322999999999996e-02 7.250168000000000168e-01 2.027272999999999892e-09 9.861111000000000182e-01 -7.696969999999999645e-01 -4.217172000000000143e-01 1.013635999999999981e-01 2.344780999999999782e+00 -2.020202000000000109e-02
2.613635999999999737e-01 4.729292999999999692e-02 7.075084000000000373e-01 2.089226000000000205e-09 9.800505000000000466e-01 -1.109091000000000049e+00 2.803030000000000244e-01 1.162120999999999987e-01 2.481481000000000048e+00 2.848484999999999906e-02
3.037878999999999996e-01 5.034343000000000151e-02 6.933669999999999556e-01 2.469023999999999848e-09 9.583333000000000546e-01 -1.076767999999999947e+00 -7.146464999999999623e-01 1.228787999999999964e-01 3.466667000000000165e+00 -1.797980000000000064e-02
3.407575999999999938e-01 4.545455000000000328e-02 6.684512000000000231e-01 1.865656999999999816e-09 9.877945999999999671e-01 -7.555555999999999939e-01 -3.358586000000000071e-01 7.227272999999999337e-02 3.084848000000000035e+00 -9.696969999999999201e-03
2.695454999999999934e-01 5.038383999999999918e-02 6.600336999999999454e-01 1.973401000000000142e-09 9.847643000000000368e-01 -9.373736999999999764e-01 2.297980000000000023e-01 1.007576000000000027e-01 3.405387000000000164e+00 -2.343434000000000142e-02
2.910606000000000027e-01 4.535353999999999774e-02 6.829292999999999614e-01 2.401683999999999955e-09 9.687710000000000488e-01 -7.818182000000000187e-01 -3.914140999999999870e-01 8.136364000000000096e-02 2.448484999999999800e+00 1.616162000000000154e-02
3.498485000000000067e-01 4.717172000000000032e-02 7.122222000000000275e-01 1.771379999999999936e-09 9.657407000000000075e-01 -1.268686999999999898e+00 -5.580808000000000435e-01 1.298485000000000056e-01 3.183838000000000168e+00 -2.626263000000000208e-03
2.637879000000000196e-01 4.915151999999999716e-02 7.061615999999999449e-01 1.914141000000000080e-09 9.635521999999999698e-01 -8.040403999999999884e-01 4.722221999999999809e-01 7.287878999999999885e-02 2.877441000000000138e+00 9.292929000000000120e-03
2.986364000000000241e-01 4.672727000000000130e-02 6.475758000000000347e-01 2.016497999999999999e-09 9.857744000000000506e-01 -1.008081000000000005e+00 -6.489899000000000084e-01 1.446969999999999923e-01 3.311110999999999915e+00 2.828282999999999839e-02
3.365152000000000143e-01 4.755555999999999672e-02 7.219864999999999755e-01 2.495960000000000137e-09 9.813973000000000280e-01 -1.143434000000000061e+00 -1.893939000000000039e-01 1.046969999999999984e-01 2.613468000000000124e+00 -2.626262999999999861e-02
2.643939000000000150e-01 4.959596000000000143e-02 6.516161999999999788e-01 1.978788000000000136e-09 9.704544999999999977e-01 -8.383838000000000124e-01 -4.772726999999999942e-01 7.348485000000000433e-02 2.759596000000000160e+00 1.757575999999999930e-02
3.089393999999999751e-01 4.743433999999999845e-02 7.229965999999999893e-01 2.444780999999999811e-09 9.839225999999999805e-01 -1.214140999999999915e+00 -7.500000000000000000e-01 1.080302999999999958e-01 3.674074000000000062e+00 4.646464999999999797e-03
3.462121000000000226e-01 4.678787999999999697e-02 6.748484999999999623e-01 1.827946000000000048e-09 9.595118000000000258e-01 -9.979797999999999725e-01 1.237373999999999974e-01 1.483333000000000013e-01 2.820875000000000021e+00 -1.272727000000000060e-02
2.701514999999999889e-01 4.606061000000000183e-02 7.260269000000000306e-01 1.900672999999999936e-09 9.638889000000000484e-01 -1.286869000000000041e+00 -3.005051000000000250e-01 1.086363999999999941e-01 3.098990000000000133e+00 1.939393999999999840e-02
3.150000000000000022e-01 4.812120999999999760e-02 6.593603000000000103e-01 2.382827999999999911e-09 9.718012999999999790e-01 -7.191918999999999951e-01 -6.691918999999999507e-01 1.362121000000000026e-01 3.641077000000000119e+00 3.232323000000000054e-03
3.283332999999999946e-01 4.981817999999999663e-02 6.984175000000000244e-01 2.156566000000000099e-09 9.867844999999999533e-01 -9.535354000000000330e-01 4.166667000000000010e-01 8.681817999999999480e-02 2.429629999999999956e+00 -2.848484999999999906e-02
2.871212000000000208e-01 5.046464999999999979e-02 6.697980000000000045e-01 2.091919000000000043e-09 9.958753999999999662e-01 -1.232323000000000057e+00 -9.343434000000000461e-02 9.257576000000000693e-02 2.599327000000000165e+00 -2.363635999999999862e-02
3.143939000000000039e-01 4.751514999999999905e-02 7.139056999999999764e-01 2.415152000000000099e-09 9.537879000000000218e-01 -9.757576000000000027e-01 3.005051000000000250e-01 7.015151999999999499e-02 2.995286000000000115e+00 2.303030000000000008e-02
3.334848000000000257e-01 4.656566000000000177e-02 6.970707000000000431e-01 1.752525000000000005e-09 9.830807999999999769e-01 -8.101009999999999600e-01 -6.792928999999999773e-01 1.398484999999999867e-01 3.334680000000000089e+00 4.848484999999999601e-03
2.713635999999999826e-01 4.654545000000000210e-02 7.341077000000000297e-01 1.984175000000000130e-09 9.734848000000000390e-01 -9.494949000000000305e-01 -7.550504999999999578e-01 1.213636000000000020e-01 2.594612999999999836e+00 -2.585859000000000074e-02
3.116667000000000187e-01 4.909091000000000149e-02 6.745117999999999947e-01 1.749831999999999960e-09 9.637204999999999799e-01 -8.343433999999999573e-01 4.015152000000000165e-01 1.195454999999999990e-01 3.339393999999999973e+00 2.323232000000000075e-02
3.392423999999999995e-01 4.824242000000000113e-02 6.667676999999999632e-01 2.479797999999999836e-09 9.903199000000000307e-01 -1.246464999999999934e+00 -4.116161999999999876e-01 7.499999999999999722e-02 3.207406999999999897e+00 -4.848484999999999601e-03
2.631818000000000213e-01 4.573736999999999941e-02 6.953871999999999831e-01 1.903367000000000092e-09 9.904882000000000408e-01 -8.808080999999999827e-01 1.136363999999999985e-01 9.863636000000000625e-02 2.368349999999999955e+00 -6.868687000000000056e-03
3.062120999999999871e-01 5.054544999999999871e-02 6.408418000000000170e-01 2.258923000000000017e-09 9.664141000000000536e-01 -9.313131000000000048e-01 -6.818182000000000409e-02 1.377272999999999969e-01 3.136699999999999822e+00 2.747474999999999917e-02
3.368182000000000120e-01 4.773737000000000119e-02 7.280470999999999471e-01 2.231987000000000142e-09 9.702861999999999876e-01 -1.101010000000000044e+00 -5.833333000000000546e-01 7.530303000000000690e-02 3.490235999999999894e+00 -2.767676999999999984e-02
2.886364000000000152e-01 5.080807999999999852e-02 6.543098000000000525e-01 2.059596000000000174e-09 9.807238999999999818e-01 -1.226263000000000103e+00 3.964646000000000003e-01 1.343939000000000106e-01 2.948148000000000213e+00 6.060605999999999632e-03
2.916667000000000010e-01 4.747475000000000306e-02 7.226599000000000217e-01 2.482491999999999992e-09 9.943602999999999748e-01 -8.303030000000000133e-01 -7.853535000000000377e-01 1.019696999999999965e-01 2.646465000000000067e+00 1.151515000000000004e-02
3.216667000000000276e-01 4.684847999999999790e-02 6.940404000000000018e-01 1.725588999999999923e-09 9.573232000000000408e-01 -9.252525000000000333e-01 -4.318181999999999854e-01 6.833332999999999768e-02 3.296969999999999956e+00 -2.303030000000000008e-02
2.874242000000000186e-01 4.806060999999999667e-02 6.556566000000000338e-01 1.924915999999999973e-09 9.699495000000000200e-01 -7.797979999999999912e-01 -2.272727000000000080e-02 1.271211999999999898e-01 2.316498000000000168e+00 2.787879000000000052e-02
2.959090999999999805e-01 5.008081000000000338e-02 6.782154999999999712e-01 2.256228999999999861e-09 9.579965999999999759e-01 -1.262626000000000026e+00 2.752525000000000110e-01 1.092424000000000034e-01 3.461952999999999836e+00 -2.404039999999999996e-02
3.246970000000000134e-01 4.521212000000000147e-02 7.223232000000000541e-01 2.118854999999999917e-09 9.928451000000000359e-01 -9.414141000000000314e-01 -9.772726999999999942e-01 8.348484999999999934e-02 3.216835000000000111e+00 -8.686868999999999841e-03
2.619697000000000275e-01 4.937373999999999929e-02 6.731650000000000134e-01 2.253535000000000118e-09 9.795454999999999579e-01 -1.284847999999999990e+00 -1.590909000000000073e-01 8.742424000000000028e-02 3.683501999999999832e+00 8.080808000000000305e-04
2.928787999999999947e-01 4.872727000000000308e-02 7.125588999999999951e-01 1.957238999999999842e-09 9.521043999999999619e-01 -8.484848000000000390e-01 -6.186869000000000396e-01 1.095455000000000040e-01 2.354208999999999996e+00 2.282827999999999941e-02
3.495455000000000090e-01 4.676767999999999897e-02 6.856229000000000351e-01 2.003029999999999855e-09 9.933501999999999610e-01 -9.090909000000000351e-01 8.333332999999999713e-02 1.295455000000000079e-01 3.037710000000000132e+00 -2.828282999999999839e-02
2.840908999999999796e-01 4.745454999999999812e-02 7.391581999999999875e-01 2.423231999999999930e-09 9.640571999999999475e-01 -1.147475000000000023e+00 -9.621212000000000097e-01 9.681818000000000368e-02 2.830302999999999791e+00 -3.636364000000000003e-03
2.971211999999999742e-01 4.650504999999999917e-02 6.415151999999999521e-01 1.809090999999999910e-09 9.716329999999999689e-01 -7.616161999999999654e-01 -1.186868999999999980e-01 1.210606000000000043e-01 2.641751000000000182e+00 -2.121212000000000097e-02
3.459091000000000249e-01 4.985859000000000124e-02 6.957238999999999507e-01 2.064983000000000168e-09 9.845960000000000267e-01 -9.111110999999999516e-01 2.095960000000000045e-01 8.257575999999999805e-02 3.546800999999999870e+00 2.868686999999999973e-02
2.877273000000000192e-01 4.505051000000000194e-02 7.118854999999999489e-01 2.205050999999999854e-09 9.611952999999999747e-01 -8.565656999999999854e-01 -4.368686999999999987e-01 7.863636000000000237e-02 3.117844999999999978e+00 -2.727272999999999850e-02
3.186363999999999863e-01 4.789899000000000240e-02 7.051515000000000422e-01 2.283165000000000149e-09 9.901514999999999622e-01 -1.294948999999999906e+00 4.217172000000000143e-01 9.318181999999999854e-02 2.556902000000000008e+00 1.818182000000000131e-02
3.265152000000000054e-01 5.074747000000000285e-02 6.590236000000000427e-01 1.884511999999999954e-09 9.820706999999999631e-01 -9.292928999999999773e-01 -5.934342999999999702e-01 1.431817999999999980e-01 3.400672999999999835e+00 2.020202000000000076e-04
2.640909000000000173e-01 4.610100999999999782e-02 7.081817999999999724e-01 1.941076999999999955e-09 9.692760999999999738e-01 -8.000000000000000444e-01 -2.954545000000000088e-01 1.462121000000000115e-01 2.915151999999999965e+00 1.959595999999999907e-02
3.065151999999999877e-01 4.997979999999999784e-02 6.906733999999999929e-01 2.148484999999999948e-09 9.625420999999999561e-01 -1.165656999999999943e+00 4.469697000000000253e-01 6.590909000000000351e-02 2.415487999999999857e+00 -1.616161999999999981e-03
3.225758000000000236e-01 4.749495000000000106e-02 6.634006999999999543e-01 2.347810999999999886e-09 9.852693999999999619e-01 -9.434342999999999479e-01 -9.166666999999999454e-01 9.469697000000000531e-02 3.645791000000000004e+00 -2.565657000000000007e-02
2.662121000000000071e-01 4.761615999999999765e-02 6.647475000000000467e-01 2.315488000000000018e-09 9.908249000000000084e-01 -1.086869000000000085e+00 -5.732323000000000279e-01 6.469697000000000642e-02 2.740740999999999872e+00 2.000000000000000042e-02
3.122727000000000142e-01 4.652524999999999716e-02 6.815824999999999800e-01 2.126936000000000068e-09 9.515993000000000368e-01 -7.515152000000000498e-01 4.368686999999999987e-01 1.113635999999999932e-01 2.825588999999999906e+00 -2.444444000000000131e-02
3.346970000000000223e-01 5.052525000000000072e-02 7.314140999999999559e-01 1.959932999999999998e-09 9.787036999999999543e-01 -1.169696999999999987e+00 -2.045454999999999912e-01 1.250000000000000000e-01 3.655219000000000218e+00 7.272726999999999664e-03
2.719696999999999809e-01 4.797980000000000300e-02 7.267002999999999657e-01 1.868350000000000067e-09 9.923400999999999472e-01 -1.173737000000000030e+00 -8.510100999999999916e-01 7.469697000000000142e-02 2.882155000000000022e+00 -3.030302999999999816e-03
3.098485000000000267e-01 4.686868999999999758e-02 7.048147999999999636e-01 2.250841999999999867e-09 9.647305999999999937e-01 -7.030302999999999969e-01 9.343434000000000461e-02 1.128788000000000014e-01 3.622221999999999831e+00 2.525252999999999873e-02
3.268182000000000031e-01 4.939393999999999729e-02 6.405051000000000494e-01 2.175420999999999823e-09 9.711279000000000439e-01 -9.919192000000000009e-01 -1.035353999999999997e-01 1.304545000000000010e-01 2.363636000000000070e+00 -2.141414000000000165e-02
2.774242000000000097e-01 5.000000000000000278e-02 7.347810999999999648e-01 1.989562000000000124e-09 9.935184999999999711e-01 -1.054545000000000066e+00 1.843433999999999906e-01 8.318182000000000353e-02 2.547474999999999934e+00 0.000000000000000000e+00
2.907576000000000049e-01 4.731313000000000185e-02 6.512795000000000112e-01 1.892593000000000105e-09 9.608586000000000071e-01 -1.153534999999999977e+00 -3.712120999999999893e-01 1.268181999999999920e-01 3.575083999999999929e+00 -2.545454999999999940e-02
3.404544999999999932e-01 4.664646000000000070e-02 6.846128000000000213e-01 2.439393999999999817e-09 9.719697000000000475e-01 -7.595960000000000489e-01 -6.994949000000000305e-01 1.156061000000000033e-01 2.863300000000000178e+00 2.404039999999999996e-02
2.659091000000000093e-01 4.949495000000000283e-02 7.172726999999999853e-01 1.946464999999999854e-09 9.761784999999999490e-01 -8.909091000000000093e-01 -2.146464999999999901e-01 6.227272999999999836e-02 3.051851999999999787e+00 -2.747474999999999917e-02
3.174241999999999897e-01 4.844443999999999834e-02 6.586868999999999641e-01 2.288552000000000143e-09 9.591750999999999472e-01 -1.191918999999999951e+00 2.146464999999999901e-01 1.134847999999999968e-01 3.688215000000000021e+00 1.777777999999999997e-02
3.307575999999999850e-01 4.696970000000000312e-02 6.950505000000000155e-01 2.194275999999999961e-09 9.962121000000000448e-01 -9.232323000000000057e-01 -9.722222000000000364e-01 1.419697000000000042e-01 2.618182000000000009e+00 -1.414141000000000052e-03
