# omega0 omegab hubble scalar_amp ns w0 wa mnu Neff alphas 
2.386000e-01 4.551000e-02 6.824533e-01 2.422667e-09 1.075800e+00 -8.277667e-01 -2.946333e+00 4.948000e-01 4.078333e+00 -5.666667e-03 
2.894800e-01 5.063000e-02 6.395733e-01 1.860000e-09 9.582000e-01 -2.532333e-01 -3.283333e-01 2.004000e-01 2.235267e+00 -4.980000e-02 
3.672400e-01 4.169000e-02 7.101867e-01 1.638667e-09 8.202000e-01 -6.417667e-01 -1.672333e+00 1.668000e-01 3.164467e+00 4.673333e-02 
2.758000e-01 4.051000e-02 6.643200e-01 2.929333e-09 9.798000e-01 -6.930000e-02 -6.503333e-01 2.360000e-02 3.192067e+00 -1.766667e-02 
2.837200e-01 4.759000e-02 6.272000e-01 1.033333e-09 1.001400e+00 -1.146033e+00 -2.633667e+00 4.140000e-01 3.888200e+00 -5.400000e-03 
3.583600e-01 5.247000e-02 7.287467e-01 2.222667e-09 8.042000e-01 -4.847000e-01 -8.370000e-01 3.708000e-01 2.854733e+00 4.846667e-02 
2.498800e-01 5.205000e-02 6.001067e-01 2.006667e-09 9.922000e-01 -2.573667e-01 -9.770000e-01 6.120000e-02 3.753267e+00 3.060000e-02 
3.242800e-01 4.991000e-02 7.549867e-01 2.761333e-09 1.014200e+00 -8.339667e-01 2.876667e-01 4.332000e-01 2.621667e+00 -1.666667e-03 
3.799600e-01 4.251000e-02 6.935467e-01 1.324000e-09 8.802000e-01 -7.492333e-01 -2.736333e+00 2.484000e-01 3.489533e+00 -3.513333e-02 
2.693200e-01 4.511000e-02 6.528000e-01 1.569333e-09 8.002000e-01 -1.065000e-01 -1.812333e+00 5.828000e-01 3.630600e+00 -1.273333e-02 
2.995600e-01 5.121000e-02 6.728533e-01 2.305333e-09 9.674000e-01 -1.292767e+00 -6.083333e-01 1.260000e-01 2.213800e+00 -1.980000e-02 
3.427600e-01 4.455000e-02 7.249067e-01 2.884000e-09 1.065000e+00 -5.074333e-01 -2.713000e+00 2.876000e-01 4.069133e+00 3.513333e-02 
2.582800e-01 4.561000e-02 6.971733e-01 2.436000e-09 1.066600e+00 -7.306333e-01 -8.090000e-01 5.676000e-01 2.367133e+00 3.420000e-02 
3.122800e-01 5.235000e-02 6.045867e-01 1.633333e-09 9.206000e-01 -1.177033e+00 2.270000e-01 2.068000e-01 4.004733e+00 -2.033333e-02 
3.650800e-01 4.449000e-02 7.074133e-01 2.044000e-09 8.006000e-01 -1.209667e-01 -2.731667e+00 1.188000e-01 2.971267e+00 -1.380000e-02 
2.477200e-01 4.733000e-02 6.924800e-01 2.470667e-09 9.022000e-01 -9.538333e-01 -2.983667e+00 4.556000e-01 2.587933e+00 -3.140000e-02 
2.923600e-01 5.055000e-02 6.109867e-01 1.500000e-09 1.082600e+00 -3.090333e-01 -7.623333e-01 3.684000e-01 4.299133e+00 2.886667e-02 
3.809200e-01 4.299000e-02 7.229867e-01 2.150667e-09 8.558000e-01 -9.410000e-02 -1.510000e-01 2.800000e-03 3.087800e+00 1.140000e-02 
2.203600e-01 4.461000e-02 7.029333e-01 1.502667e-09 1.043400e+00 -8.170000e-02 -1.075000e+00 3.908000e-01 3.949533e+00 -4.500000e-02 
2.962000e-01 4.893000e-02 6.216533e-01 2.582667e-09 8.498000e-01 -5.157000e-01 -3.190000e-01 5.532000e-01 3.041800e+00 4.860000e-02 
3.874000e-01 5.001000e-02 7.368533e-01 1.772000e-09 9.158000e-01 -9.641667e-01 -2.535667e+00 5.240000e-02 2.581800e+00 6.600000e-03 
2.489200e-01 4.223000e-02 7.168000e-01 1.017333e-09 1.003400e+00 -8.835667e-01 -1.079667e+00 2.572000e-01 3.106200e+00 -4.526667e-02 
3.252400e-01 4.789000e-02 6.459733e-01 2.302667e-09 9.494000e-01 9.810000e-02 -2.227667e+00 5.884000e-01 2.569533e+00 3.993333e-02 
3.878800e-01 5.077000e-02 6.835200e-01 2.724000e-09 8.842000e-01 -6.727667e-01 -3.936667e-01 4.400000e-03 4.072200e+00 -5.800000e-03 
2.491600e-01 4.253000e-02 6.280533e-01 2.990667e-09 9.150000e-01 -6.479667e-01 -6.876667e-01 4.940000e-01 4.139667e+00 -2.000000e-04 
3.106000e-01 4.611000e-02 6.677333e-01 1.054667e-09 1.076600e+00 -8.505000e-01 -1.924333e+00 3.868000e-01 2.247533e+00 1.940000e-02 
3.619600e-01 5.041000e-02 7.133867e-01 1.841333e-09 8.010000e-01 8.363333e-02 -6.456667e-01 7.960000e-02 3.057133e+00 -3.313333e-02 
2.431600e-01 5.147000e-02 6.041600e-01 2.702667e-09 9.306000e-01 -1.788333e-01 -1.985000e+00 2.116000e-01 3.066333e+00 -3.580000e-02 
3.288400e-01 4.649000e-02 6.916267e-01 1.342667e-09 8.862000e-01 -1.139833e+00 -1.453000e+00 7.400000e-02 4.197933e+00 4.446667e-02 
3.605200e-01 4.269000e-02 7.251200e-01 2.036000e-09 1.077800e+00 -3.545000e-01 7.666667e-03 5.660000e-01 2.640067e+00 5.666667e-03 
2.746000e-01 4.361000e-02 6.854400e-01 2.492000e-09 9.362000e-01 -9.827667e-01 4.650000e-01 5.812000e-01 3.185933e+00 2.353333e-02 
2.966800e-01 5.285000e-02 6.043733e-01 2.068000e-09 8.438000e-01 -3.689667e-01 -2.339667e+00 1.020000e-01 4.424867e+00 1.660000e-02 
3.497200e-01 4.553000e-02 7.189333e-01 1.049333e-09 1.055800e+00 -1.767667e-01 -1.793667e+00 2.028000e-01 2.817933e+00 -4.873333e-02 
2.316400e-01 4.287000e-02 6.086400e-01 2.734667e-09 8.462000e-01 -2.284333e-01 -4.216667e-01 2.052000e-01 3.005000e+00 -1.420000e-02 
3.091600e-01 5.249000e-02 7.221333e-01 1.462667e-09 9.198000e-01 -1.228700e+00 -1.373667e+00 5.644000e-01 2.762733e+00 3.366667e-02 
3.485200e-01 4.785000e-02 6.820267e-01 1.740000e-09 1.096200e+00 -3.565667e-01 -2.890333e+00 7.160000e-02 3.967933e+00 -3.273333e-02 
2.707600e-01 5.261000e-02 6.848000e-01 1.044000e-09 9.606000e-01 -6.107667e-01 3.436667e-01 6.280000e-02 3.869800e+00 -6.333333e-03 
3.175600e-01 4.057000e-02 7.204267e-01 2.628000e-09 8.266000e-01 -8.236333e-01 -1.532333e+00 3.636000e-01 3.719533e+00 4.086667e-02 
3.437200e-01 4.701000e-02 6.434133e-01 2.097333e-09 1.068200e+00 -8.376667e-02 -1.952333e+00 4.844000e-01 2.269000e+00 -3.353333e-02 
2.772400e-01 4.063000e-02 6.327467e-01 1.710667e-09 1.011800e+00 3.610000e-02 -2.885667e+00 2.644000e-01 4.201000e+00 -1.166667e-02 
3.163600e-01 4.571000e-02 7.136000e-01 1.404000e-09 8.182000e-01 -1.278300e+00 -3.890000e-01 4.036000e-01 3.431267e+00 -3.780000e-02 
3.473200e-01 5.349000e-02 6.766933e-01 2.745333e-09 9.838000e-01 -2.945667e-01 -1.406333e+00 8.760000e-02 2.321133e+00 3.766667e-02 
2.618800e-01 4.525000e-02 6.468267e-01 1.668000e-09 1.006200e+00 -1.191500e+00 -1.700333e+00 4.360000e-02 4.455533e+00 -2.466667e-03 
2.858800e-01 5.291000e-02 7.383467e-01 2.534667e-09 9.402000e-01 -4.991667e-01 -2.246333e+00 3.876000e-01 2.364067e+00 4.486667e-02 
3.847600e-01 4.199000e-02 6.884267e-01 1.593333e-09 8.826000e-01 -7.550000e-02 -4.543333e-01 5.732000e-01 3.250333e+00 -4.100000e-02 
2.496400e-01 4.979000e-02 6.118400e-01 2.766667e-09 8.018000e-01 -9.765667e-01 -5.056667e-01 3.412000e-01 2.701400e+00 -8.200000e-03 
2.921200e-01 4.151000e-02 6.886400e-01 1.084000e-09 1.044600e+00 -7.182333e-01 -9.023333e-01 1.960000e-02 3.216600e+00 3.206667e-02 
3.511600e-01 5.141000e-02 7.142400e-01 1.713333e-09 9.598000e-01 -1.271667e-01 -2.414333e+00 4.612000e-01 4.375800e+00 -4.820000e-02 
2.256400e-01 4.235000e-02 6.188800e-01 1.766667e-09 9.082000e-01 -5.549667e-01 -1.826333e+00 2.260000e-01 2.986600e+00 -4.726667e-02 
3.382000e-01 5.067000e-02 7.584000e-01 1.385333e-09 1.038600e+00 -2.036333e-01 -1.938333e+00 6.000000e-03 3.774733e+00 1.593333e-02 
3.706000e-01 4.941000e-02 6.839467e-01 2.737333e-09 8.766000e-01 -1.210100e+00 -4.590000e-01 5.332000e-01 2.946733e+00 2.673333e-02 
2.309200e-01 5.199000e-02 6.201600e-01 2.177333e-09 8.546000e-01 -1.030300e+00 -1.154333e+00 2.508000e-01 4.047667e+00 3.233333e-02 
2.897200e-01 4.119000e-02 6.587733e-01 2.828000e-09 1.037000e+00 1.311667e-01 -2.605667e+00 5.188000e-01 2.738200e+00 7.333333e-04 
3.821200e-01 4.519000e-02 7.185067e-01 1.148000e-09 9.718000e-01 -7.740333e-01 -1.836667e-01 1.516000e-01 2.983533e+00 -3.806667e-02 
2.760400e-01 4.927000e-02 6.604800e-01 1.588000e-09 1.073800e+00 -1.218367e+00 -1.443667e+00 5.000000e-02 2.683000e+00 2.620000e-02 
2.930800e-01 4.241000e-02 7.146667e-01 1.724000e-09 9.174000e-01 1.518333e-01 -2.554333e+00 3.084000e-01 3.992467e+00 -4.860000e-02 
3.790000e-01 5.295000e-02 6.197333e-01 2.673333e-09 8.686000e-01 -3.627667e-01 3.000000e-03 5.260000e-01 3.265667e+00 -6.666667e-05 
2.717200e-01 4.089000e-02 7.138133e-01 1.204000e-09 9.210000e-01 -9.249000e-01 -2.092333e+00 2.200000e-02 3.814600e+00 -1.180000e-02 
3.254800e-01 5.409000e-02 6.523733e-01 1.926667e-09 8.034000e-01 -5.276667e-02 -1.821667e+00 3.228000e-01 2.302733e+00 2.660000e-02 
3.540400e-01 4.885000e-02 6.875733e-01 2.756000e-09 1.098600e+00 -5.735667e-01 2.316667e-01 4.340000e-01 3.710333e+00 -2.366667e-02 
2.302000e-01 4.559000e-02 6.030933e-01 1.940000e-09 9.078000e-01 -2.057000e-01 -2.717667e+00 2.228000e-01 3.802333e+00 2.420000e-02 
2.906800e-01 4.217000e-02 7.057067e-01 1.601333e-09 1.092600e+00 -7.554333e-01 3.623333e-01 4.236000e-01 3.284067e+00 -3.246667e-02 
3.929200e-01 5.087000e-02 7.163733e-01 2.686667e-09 8.094000e-01 -8.877000e-01 -1.331667e+00 1.860000e-01 2.805667e+00 -9.933333e-03 
2.225200e-01 4.355000e-02 7.310933e-01 2.860000e-09 1.036600e+00 -9.476333e-01 -7.390000e-01 4.852000e-01 3.351533e+00 -1.206667e-02 
3.223600e-01 5.233000e-02 6.534400e-01 2.012000e-09 8.970000e-01 2.035000e-01 -2.993000e+00 3.036000e-01 3.995533e+00 -1.780000e-02 
3.422800e-01 4.739000e-02 6.519467e-01 1.473333e-09 9.590000e-01 -7.699000e-01 4.966667e-02 2.040000e-02 2.686067e+00 4.820000e-02 
2.659600e-01 5.469000e-02 7.063467e-01 2.398667e-09 9.018000e-01 -1.106767e+00 -2.657000e+00 3.628000e-01 3.826867e+00 -2.740000e-02 
2.830000e-01 4.059000e-02 6.016000e-01 1.718667e-09 8.370000e-01 -4.036667e-02 -3.096667e-01 4.076000e-01 3.314733e+00 -1.193333e-02 
3.967600e-01 4.719000e-02 7.200000e-01 1.137333e-09 1.047400e+00 -6.128333e-01 -1.145000e+00 1.380000e-01 2.630867e+00 2.926667e-02 
2.633200e-01 5.461000e-02 6.436267e-01 2.780000e-09 8.918000e-01 -4.185667e-01 -2.904333e+00 5.140000e-01 3.471133e+00 -4.333333e-03 
3.038800e-01 4.705000e-02 7.069867e-01 1.076000e-09 9.434000e-01 1.766333e-01 -1.257000e+00 2.280000e-02 3.882067e+00 -3.660000e-02 
3.418000e-01 4.147000e-02 6.749867e-01 1.729333e-09 1.001000e+00 -1.239033e+00 2.166667e-02 3.852000e-01 2.477533e+00 2.140000e-02 
2.311600e-01 4.725000e-02 7.253333e-01 2.116000e-09 8.342000e-01 -1.129500e+00 -1.416667e-01 2.212000e-01 4.090600e+00 2.233333e-02 
3.031600e-01 4.481000e-02 6.020267e-01 2.588000e-09 1.065800e+00 -7.637000e-01 -1.625667e+00 1.708000e-01 3.149133e+00 -4.846667e-02 
3.698800e-01 5.025000e-02 7.061333e-01 1.564000e-09 9.110000e-01 1.559667e-01 -2.069000e+00 4.684000e-01 2.216867e+00 1.180000e-02 
2.290000e-01 4.187000e-02 6.862933e-01 2.190667e-09 1.059000e+00 -1.205967e+00 -5.383333e-01 2.012000e-01 3.783933e+00 -2.526667e-02 
3.120400e-01 5.351000e-02 6.333867e-01 1.068000e-09 8.866000e-01 -6.603667e-01 -2.531000e+00 4.740000e-01 2.928333e+00 1.266667e-03 
3.794800e-01 4.657000e-02 7.155200e-01 2.972000e-09 9.246000e-01 2.469000e-01 -1.336333e+00 1.700000e-01 3.118467e+00 2.060000e-02 
2.544400e-01 5.375000e-02 7.419733e-01 1.996000e-09 8.894000e-01 -5.632333e-01 -4.123333e-01 3.820000e-01 3.909667e+00 -4.286667e-02 
2.815600e-01 4.565000e-02 6.619733e-01 1.065333e-09 9.102000e-01 -2.553000e-01 -2.405000e+00 2.920000e-02 3.422067e+00 4.340000e-02 
3.564400e-01 4.331000e-02 6.060800e-01 2.948000e-09 1.005400e+00 -7.926333e-01 -1.621000e+00 4.180000e-01 2.692200e+00 -8.866667e-03 
2.779600e-01 4.675000e-02 6.739200e-01 1.366667e-09 8.074000e-01 -1.245233e+00 -1.803000e+00 4.132000e-01 3.636733e+00 3.313333e-02 
2.904400e-01 5.439000e-02 7.394133e-01 2.449333e-09 9.462000e-01 -7.343333e-02 -2.512333e+00 1.980000e-01 3.796200e+00 -4.646667e-02 
3.785200e-01 4.353000e-02 6.474667e-01 2.329333e-09 1.091400e+00 -7.471667e-01 3.100000e-02 2.364000e-01 2.667667e+00 -1.593333e-02 
2.239600e-01 5.093000e-02 6.564267e-01 2.862667e-09 1.091800e+00 -5.963000e-01 -1.019000e+00 3.452000e-01 3.667400e+00 -3.193333e-02 
2.926000e-01 4.491000e-02 7.520000e-01 1.825333e-09 8.606000e-01 -9.125000e-01 -4.730000e-01 5.444000e-01 3.799267e+00 4.273333e-02 
3.902800e-01 4.899000e-02 6.525867e-01 1.358667e-09 9.662000e-01 -1.457667e-01 -2.171667e+00 2.000000e-03 2.768867e+00 2.200000e-03 
2.753200e-01 4.925000e-02 7.511467e-01 2.625333e-09 9.490000e-01 3.816667e-02 -4.870000e-01 1.880000e-02 4.188733e+00 1.313333e-02 
2.875600e-01 4.101000e-02 6.248533e-01 1.329333e-09 1.071800e+00 -8.422333e-01 -9.956667e-01 2.076000e-01 2.480600e+00 -2.286667e-02 
3.936400e-01 5.051000e-02 6.551467e-01 1.758667e-09 8.078000e-01 -5.880333e-01 -2.120333e+00 5.276000e-01 3.379133e+00 2.820000e-02 
2.333200e-01 4.647000e-02 6.997333e-01 2.465333e-09 1.057400e+00 -6.769000e-01 1.243333e-01 1.348000e-01 2.431533e+00 2.633333e-02 
2.878000e-01 5.373000e-02 6.065067e-01 1.814667e-09 8.302000e-01 -2.346333e-01 -1.747000e+00 4.708000e-01 3.222733e+00 -4.326667e-02 
3.677200e-01 4.181000e-02 7.424000e-01 1.644000e-09 9.038000e-01 -1.071633e+00 -1.863667e+00 2.660000e-01 4.473933e+00 -2.333333e-03 
2.306800e-01 4.515000e-02 6.632533e-01 2.553333e-09 9.410000e-01 -9.616667e-02 -2.941667e+00 2.636000e-01 2.385533e+00 -3.800000e-03 
3.226000e-01 4.477000e-02 6.365867e-01 1.857333e-09 1.083400e+00 -1.150167e+00 -1.696667e-01 1.480000e-02 3.900467e+00 2.193333e-02 
3.917200e-01 5.183000e-02 7.174400e-01 1.361333e-09 8.238000e-01 -5.570333e-01 -1.014333e+00 4.908000e-01 3.415933e+00 -3.100000e-02 
2.573200e-01 5.231000e-02 7.552000e-01 2.046667e-09 1.004200e+00 -1.053033e+00 -4.963333e-01 4.876000e-01 4.222467e+00 1.100000e-02 
3.278800e-01 4.167000e-02 6.267733e-01 2.684000e-09 9.650000e-01 1.373667e-01 -1.929000e+00 3.484000e-01 3.615267e+00 4.553333e-02 
3.463600e-01 4.833000e-02 6.805333e-01 1.382667e-09 8.734000e-01 -7.327000e-01 -1.784333e+00 8.680000e-02 2.410067e+00 -4.473333e-02 
2.635600e-01 5.191000e-02 6.788267e-01 1.118667e-09 1.054200e+00 -8.583333e-02 -6.690000e-01 5.640000e-02 3.121533e+00 3.140000e-02 
2.983600e-01 4.013000e-02 6.203733e-01 1.918667e-09 9.086000e-01 -9.145667e-01 -2.676667e-01 4.532000e-01 2.643133e+00 -3.553333e-02 
3.684400e-01 4.787000e-02 7.148800e-01 2.340000e-09 8.106000e-01 -5.859667e-01 -2.932333e+00 2.340000e-01 4.305267e+00 6.066667e-03 
2.323600e-01 5.265000e-02 6.370133e-01 1.774667e-09 9.690000e-01 -9.228333e-01 -1.905667e+00 4.052000e-01 3.100067e+00 -4.806667e-02 
3.197200e-01 4.629000e-02 7.355733e-01 1.145333e-09 8.310000e-01 -1.933000e-01 -3.843333e-01 3.924000e-01 4.431000e+00 2.873333e-02 
3.989200e-01 4.195000e-02 6.688000e-01 2.646667e-09 1.004600e+00 -3.421000e-01 -1.523000e+00 4.840000e-02 2.495933e+00 1.006667e-02 
2.556400e-01 5.359000e-02 7.238400e-01 2.905333e-09 9.870000e-01 -7.988333e-01 -1.341000e+00 4.820000e-01 2.995800e+00 -4.233333e-02 
3.014800e-01 4.213000e-02 6.547200e-01 1.332000e-09 8.394000e-01 -7.037667e-01 -2.577667e+00 3.060000e-01 4.403400e+00 -1.933333e-03 
3.442000e-01 4.533000e-02 6.391467e-01 2.134667e-09 1.089000e+00 -6.310000e-02 -1.370000e-01 9.200000e-03 2.894600e+00 2.073333e-02 
2.280400e-01 4.029000e-02 7.276800e-01 1.497333e-09 9.242000e-01 5.883333e-02 -2.269667e+00 2.908000e-01 3.084733e+00 -5.533333e-03 
3.084400e-01 4.939000e-02 6.617600e-01 2.390667e-09 8.974000e-01 -1.156367e+00 -5.803333e-01 5.116000e-01 4.434067e+00 3.646667e-02 
3.761200e-01 5.173000e-02 6.374400e-01 2.214667e-09 1.063800e+00 -6.459000e-01 -1.303667e+00 1.740000e-01 2.403933e+00 -4.300000e-02 
2.328400e-01 4.415000e-02 6.937600e-01 2.940000e-09 1.001800e+00 -3.979000e-01 -2.070000e-01 2.868000e-01 2.250600e+00 -3.126667e-02 
3.062800e-01 4.933000e-02 7.351467e-01 1.737333e-09 8.654000e-01 -1.284500e+00 -2.699000e+00 8.440000e-02 3.771667e+00 -7.800000e-03 
3.703600e-01 5.075000e-02 6.082133e-01 1.596000e-09 9.746000e-01 -1.437000e-01 -7.156667e-01 5.172000e-01 3.443533e+00 3.553333e-02 
2.414800e-01 4.285000e-02 7.332267e-01 1.993333e-09 8.530000e-01 -4.433667e-01 5.900000e-02 3.836000e-01 3.477267e+00 -4.660000e-02 
3.146800e-01 5.101000e-02 6.538667e-01 2.425333e-09 1.070600e+00 -1.164633e+00 -2.811000e+00 4.108000e-01 2.545000e+00 -1.286667e-02 
3.478000e-01 4.563000e-02 6.510933e-01 1.625333e-09 9.910000e-01 -1.643667e-01 -1.131000e+00 1.800000e-02 4.228600e+00 4.940000e-02 
2.230000e-01 5.181000e-02 7.165867e-01 1.636000e-09 8.858000e-01 -5.673667e-01 -8.696667e-01 1.204000e-01 3.305533e+00 4.540000e-02 
2.892400e-01 4.077000e-02 6.421333e-01 2.489333e-09 9.050000e-01 1.956667e-02 -6.596667e-01 4.044000e-01 4.207133e+00 -4.393333e-02 
3.970000e-01 4.579000e-02 6.705067e-01 1.681333e-09 1.035800e+00 -1.102633e+00 -2.381667e+00 2.604000e-01 2.517400e+00 -1.580000e-02 
2.364400e-01 4.937000e-02 7.558400e-01 1.782667e-09 9.810000e-01 -1.119167e+00 -1.868333e+00 3.508000e-01 2.857800e+00 -4.633333e-02 
3.127600e-01 5.003000e-02 6.133333e-01 1.508000e-09 8.174000e-01 -9.823333e-02 -1.705000e+00 3.600000e-03 3.198200e+00 9.400000e-03 
3.516400e-01 4.075000e-02 6.555733e-01 2.644000e-09 1.043800e+00 -4.867667e-01 -3.516667e-01 5.300000e-01 3.934200e+00 2.433333e-02 
2.657200e-01 4.613000e-02 6.363733e-01 1.025333e-09 1.010600e+00 -1.241100e+00 -1.463333e-01 3.012000e-01 3.737933e+00 -8.733333e-03 
3.082000e-01 4.055000e-02 7.129600e-01 2.404000e-09 9.298000e-01 -3.379667e-01 -2.965000e+00 4.956000e-01 2.934467e+00 -3.980000e-02 
3.953200e-01 5.449000e-02 6.873600e-01 1.948000e-09 8.710000e-01 4.850000e-02 -1.499667e+00 1.028000e-01 3.235000e+00 2.246667e-02 
2.734000e-01 5.497000e-02 6.892800e-01 1.817333e-09 1.041800e+00 -1.133633e+00 -2.423667e+00 1.468000e-01 4.268467e+00 -7.400000e-03 
3.319600e-01 4.035000e-02 6.056533e-01 1.409333e-09 9.878000e-01 -3.069667e-01 -4.076667e-01 2.284000e-01 3.268733e+00 4.020000e-02 
3.514000e-01 4.821000e-02 7.496533e-01 2.452000e-09 8.306000e-01 3.033333e-03 -8.183333e-01 5.124000e-01 2.937533e+00 -3.033333e-02 
2.750800e-01 4.529000e-02 6.890667e-01 2.326667e-09 1.075400e+00 -4.103000e-01 -6.223333e-01 5.948000e-01 4.320600e+00 -2.860000e-02 
3.134800e-01 5.365000e-02 7.106133e-01 1.057333e-09 9.478000e-01 -1.499000e-01 -1.896333e+00 2.524000e-01 2.863933e+00 4.740000e-02 
3.408400e-01 4.183000e-02 6.282667e-01 2.532000e-09 8.054000e-01 -8.939000e-01 -1.485667e+00 8.200000e-02 3.136867e+00 -1.260000e-02 
2.388400e-01 4.091000e-02 6.764800e-01 1.270667e-09 8.190000e-01 -1.147667e-01 -9.630000e-01 2.676000e-01 3.495667e+00 2.566667e-02 
3.310000e-01 5.289000e-02 6.024533e-01 2.614667e-09 9.254000e-01 -5.839000e-01 -2.350000e-01 5.960000e-02 2.750467e+00 -2.073333e-02 
3.586000e-01 4.905000e-02 7.477333e-01 1.876000e-09 1.002600e+00 -1.272100e+00 -2.461000e+00 4.308000e-01 4.041533e+00 3.333333e-04 
2.270800e-01 4.103000e-02 7.084800e-01 1.484000e-09 1.089400e+00 -5.177667e-01 -1.588333e+00 2.828000e-01 2.649267e+00 6.333333e-03 
3.329200e-01 4.993000e-02 6.165333e-01 2.030667e-09 8.382000e-01 -1.222500e+00 -1.556667e-01 5.340000e-01 3.075533e+00 -2.406667e-02 
3.655600e-01 5.007000e-02 6.752000e-01 2.473333e-09 9.058000e-01 7.536667e-02 -2.549667e+00 1.564000e-01 4.194867e+00 4.180000e-02 
2.479600e-01 4.153000e-02 6.865067e-01 2.654667e-09 9.230000e-01 -5.136333e-01 -2.876333e+00 1.636000e-01 3.330067e+00 4.073333e-02 
3.283600e-01 5.287000e-02 7.436800e-01 1.166667e-09 1.009400e+00 -1.850333e-01 -8.276667e-01 5.460000e-01 4.093667e+00 5.400000e-03 
3.631600e-01 4.641000e-02 6.380800e-01 1.812000e-09 8.714000e-01 -1.224567e+00 -2.723333e-01 2.468000e-01 2.244467e+00 -3.753333e-02 
2.398000e-01 4.229000e-02 6.798933e-01 2.518667e-09 9.442000e-01 -2.594333e-01 -1.980333e+00 4.436000e-01 4.461667e+00 3.780000e-02 
2.940400e-01 5.005000e-02 7.594667e-01 2.014667e-09 8.218000e-01 -9.889667e-01 -1.807667e+00 2.324000e-01 2.327267e+00 -2.246667e-02 
3.734800e-01 4.771000e-02 6.054400e-01 1.073333e-09 1.026600e+00 -6.273000e-01 -5.850000e-01 8.120000e-02 3.219667e+00 -3.000000e-03 
2.350000e-01 5.045000e-02 6.312533e-01 2.985333e-09 8.510000e-01 -1.044333e-01 -1.593000e+00 2.596000e-01 3.701133e+00 3.260000e-02 
2.856400e-01 4.393000e-02 6.803200e-01 1.308000e-09 1.050600e+00 -5.446333e-01 -2.974333e+00 4.492000e-01 3.805400e+00 -4.006667e-02 
3.924400e-01 4.811000e-02 7.264000e-01 2.161333e-09 9.550000e-01 -9.703667e-01 1.476667e-01 3.000000e-02 2.796467e+00 1.533333e-03 
2.244400e-01 4.081000e-02 6.574933e-01 2.521333e-09 9.358000e-01 -5.715000e-01 -5.150000e-01 9.640000e-02 4.010867e+00 2.513333e-02 
3.362800e-01 4.501000e-02 7.112533e-01 1.260000e-09 1.022200e+00 6.710000e-02 -2.997667e+00 4.836000e-01 2.845533e+00 -1.100000e-02 
3.708400e-01 5.487000e-02 6.470400e-01 1.972000e-09 8.374000e-01 -1.098500e+00 -7.716667e-01 2.316000e-01 3.262600e+00 -3.700000e-02 
2.638000e-01 4.001000e-02 7.573333e-01 1.830667e-09 9.950000e-01 -3.855000e-01 -5.010000e-01 3.644000e-01 4.357400e+00 5.133333e-03 
3.269200e-01 4.735000e-02 6.600533e-01 2.894667e-09 8.162000e-01 -2.243000e-01 -2.372333e+00 1.588000e-01 2.676867e+00 3.153333e-02 
3.406000e-01 5.099000e-02 6.158933e-01 1.617333e-09 1.042200e+00 -1.276233e+00 -1.602333e+00 4.012000e-01 3.277933e+00 -4.713333e-02 
2.371600e-01 4.325000e-02 6.478933e-01 2.052000e-09 8.582000e-01 -2.821667e-01 -9.816667e-01 3.720000e-02 4.243933e+00 -3.540000e-02 
2.808400e-01 4.697000e-02 7.095467e-01 1.286667e-09 1.083800e+00 -1.148100e+00 -6.036667e-01 5.380000e-01 3.333133e+00 2.726667e-02 
3.998800e-01 5.039000e-02 6.583467e-01 2.721333e-09 9.006000e-01 -1.995000e-01 -2.451667e+00 3.532000e-01 2.354867e+00 3.133333e-03 
2.678800e-01 4.095000e-02 6.786133e-01 2.934667e-09 8.810000e-01 -7.657667e-01 -1.883333e-01 2.756000e-01 2.627800e+00 2.700000e-02 
3.240400e-01 5.431000e-02 7.334400e-01 1.452000e-09 9.526000e-01 -1.125367e+00 -1.322333e+00 6.680000e-02 3.139933e+00 -3.433333e-02 
3.562000e-01 4.773000e-02 6.336000e-01 2.038667e-09 1.028600e+00 -2.176667e-02 -2.783000e+00 5.868000e-01 3.931133e+00 1.133333e-03 
2.254000e-01 4.755000e-02 6.598400e-01 1.134667e-09 9.710000e-01 -5.343000e-01 -1.210333e+00 1.052000e-01 2.241400e+00 -1.006667e-02 
3.247600e-01 5.095000e-02 7.381333e-01 2.505333e-09 8.318000e-01 -1.168767e+00 -2.316333e+00 4.724000e-01 3.465000e+00 3.193333e-02 
3.862000e-01 4.445000e-02 6.417067e-01 2.284000e-09 1.055400e+00 -4.243333e-02 -3.563333e-01 3.668000e-01 4.388067e+00 -2.020000e-02 
2.318800e-01 5.135000e-02 7.236267e-01 2.244000e-09 9.990000e-01 -1.288633e+00 -1.943000e+00 4.516000e-01 2.839400e+00 1.433333e-02 
3.331600e-01 4.945000e-02 6.771200e-01 2.729333e-09 8.050000e-01 7.950000e-02 -4.496667e-01 1.124000e-01 3.986333e+00 2.406667e-02 
3.470800e-01 4.045000e-02 6.389333e-01 1.510667e-09 1.045800e+00 -4.888333e-01 -1.583667e+00 2.084000e-01 3.673533e+00 -4.966667e-02 
2.640400e-01 4.687000e-02 6.562133e-01 1.196000e-09 8.790000e-01 -1.100000e-03 -2.797000e+00 3.988000e-01 2.290467e+00 -1.393333e-02 
3.098800e-01 5.243000e-02 7.291733e-01 2.700000e-09 1.015800e+00 -4.330333e-01 -6.970000e-01 1.000000e-02 3.891267e+00 -4.246667e-02 
3.754000e-01 4.165000e-02 6.180267e-01 2.313333e-09 9.290000e-01 -1.197700e+00 -2.910000e-01 4.636000e-01 3.544733e+00 3.393333e-02 
2.515600e-01 5.219000e-02 7.281067e-01 1.164000e-09 1.080600e+00 -3.813667e-01 -1.481000e+00 3.116000e-01 4.007800e+00 3.246667e-02 
3.089200e-01 4.341000e-02 6.496000e-01 1.865333e-09 8.362000e-01 -9.203333e-02 -5.476667e-01 1.720000e-02 2.419267e+00 -2.046667e-02 
3.504400e-01 4.671000e-02 6.675200e-01 2.886667e-09 9.238000e-01 -1.135700e+00 -2.815667e+00 5.508000e-01 3.400600e+00 -1.606667e-02 
2.381200e-01 5.493000e-02 6.792533e-01 1.252000e-09 1.010200e+00 -6.831000e-01 -1.733000e+00 4.028000e-01 2.342600e+00 1.820000e-02 
2.976400e-01 4.197000e-02 7.328000e-01 2.617333e-09 9.742000e-01 -1.199767e+00 -2.816667e-01 4.280000e-02 3.633667e+00 1.446667e-02 
3.602800e-01 4.591000e-02 6.476800e-01 1.977333e-09 8.242000e-01 -3.166667e-03 -2.027000e+00 3.996000e-01 3.925000e+00 -4.926667e-02 
2.508400e-01 4.471000e-02 7.131733e-01 2.953333e-09 9.118000e-01 2.576667e-02 -1.714333e+00 5.932000e-01 3.553933e+00 -1.620000e-02 
2.916400e-01 5.049000e-02 6.717867e-01 1.126667e-09 1.021400e+00 -9.931000e-01 1.756667e-01 3.420000e-01 2.440733e+00 -3.393333e-02 
3.806800e-01 4.603000e-02 6.212267e-01 1.916000e-09 8.338000e-01 -6.665667e-01 -2.358333e+00 1.140000e-01 3.759400e+00 3.713333e-02 
2.628400e-01 4.479000e-02 6.982400e-01 2.225333e-09 1.029800e+00 1.642333e-01 -1.476333e+00 3.372000e-01 2.330333e+00 4.686667e-02 
3.257200e-01 5.145000e-02 7.180800e-01 2.812000e-09 9.426000e-01 -8.029667e-01 -2.134333e+00 5.788000e-01 4.470867e+00 -1.220000e-02 
3.420400e-01 4.751000e-02 6.344533e-01 1.046667e-09 8.354000e-01 -6.252333e-01 -1.566667e-02 1.812000e-01 3.109267e+00 -4.313333e-02 
2.599600e-01 4.527000e-02 6.698667e-01 1.201333e-09 8.102000e-01 -3.049000e-01 -2.377000e+00 1.228000e-01 3.388333e+00 -3.286667e-02 
3.271600e-01 4.401000e-02 6.199467e-01 2.606667e-09 1.039400e+00 -1.298967e+00 -1.603333e-01 4.212000e-01 3.964867e+00 -1.553333e-02 
3.480400e-01 5.293000e-02 7.362133e-01 2.316000e-09 9.958000e-01 1.229000e-01 -7.483333e-01 3.780000e-01 2.725933e+00 3.966667e-02 
2.412400e-01 4.373000e-02 7.054933e-01 1.036000e-09 1.081800e+00 -1.664333e-01 -1.742333e+00 8.840000e-02 3.857533e+00 -1.060000e-02 
3.154000e-01 5.341000e-02 6.062933e-01 2.593333e-09 9.814000e-01 -6.004333e-01 -2.218333e+00 4.084000e-01 2.741267e+00 3.980000e-02 
3.780400e-01 4.549000e-02 7.370667e-01 2.260000e-09 8.554000e-01 -8.980333e-01 2.410000e-01 2.964000e-01 3.354600e+00 -4.460000e-02 
2.460400e-01 4.595000e-02 6.372267e-01 1.006667e-09 1.027000e+00 -4.656667e-02 -1.397000e+00 4.252000e-01 3.225800e+00 4.166667e-02 
3.230800e-01 5.447000e-02 6.581333e-01 2.297333e-09 8.402000e-01 -2.739000e-01 -2.241667e+00 5.480000e-02 2.633933e+00 -3.380000e-02 
3.538000e-01 4.351000e-02 7.223467e-01 2.598667e-09 9.178000e-01 -1.141900e+00 1.570000e-01 3.500000e-01 4.342067e+00 1.666667e-03 
2.770000e-01 5.471000e-02 6.139733e-01 2.412000e-09 1.061800e+00 -1.333667e-01 -1.565000e+00 5.564000e-01 3.302467e+00 -9.533333e-03 
2.971600e-01 4.087000e-02 6.794667e-01 2.164000e-09 9.610000e-01 -9.187000e-01 -7.633333e-02 6.200000e-02 2.299667e+00 -1.873333e-02 
3.624400e-01 4.645000e-02 7.340800e-01 1.161333e-09 8.846000e-01 -6.707000e-01 -2.899667e+00 3.300000e-01 4.020067e+00 3.433333e-02 
2.357200e-01 4.211000e-02 6.826667e-01 2.854667e-09 1.057800e+00 -3.152333e-01 -2.041000e+00 3.212000e-01 3.204333e+00 -3.900000e-02 
3.199600e-01 5.139000e-02 7.547733e-01 1.822667e-09 9.566000e-01 -1.110900e+00 -5.300000e-02 1.460000e-01 3.836067e+00 3.486667e-02 
3.588400e-01 4.681000e-02 6.037333e-01 1.129333e-09 8.418000e-01 -7.136667e-02 -1.504333e+00 4.588000e-01 2.778067e+00 1.300000e-02 
2.782000e-01 5.031000e-02 7.438933e-01 2.585333e-09 9.134000e-01 -2.077667e-01 -2.163333e-01 7.600000e-03 2.523533e+00 6.466667e-03 
2.834800e-01 4.605000e-02 6.318933e-01 1.801333e-09 8.154000e-01 -1.253500e+00 -2.036333e+00 3.276000e-01 3.777800e+00 -4.260000e-02 
3.888400e-01 4.375000e-02 6.589867e-01 1.142667e-09 1.058600e+00 -2.718333e-01 -1.439000e+00 4.452000e-01 3.391400e+00 3.326667e-02 
2.645200e-01 4.585000e-02 6.995200e-01 2.276000e-09 8.422000e-01 -1.747000e-01 -2.396667e-01 3.388000e-01 4.351267e+00 4.886667e-02 
3.262000e-01 5.459000e-02 6.404267e-01 2.444000e-09 9.646000e-01 -1.017900e+00 -2.475000e+00 4.520000e-02 2.597133e+00 7.800000e-03 
3.679600e-01 4.145000e-02 7.161600e-01 1.177333e-09 1.022600e+00 -7.595667e-01 -1.364333e+00 5.060000e-01 2.977400e+00 -4.166667e-02 
2.486800e-01 5.081000e-02 6.553600e-01 2.865333e-09 8.314000e-01 -1.912333e-01 -1.887000e+00 4.700000e-01 2.336467e+00 2.806667e-02 
3.065200e-01 4.677000e-02 7.598933e-01 1.580000e-09 9.682000e-01 -5.322333e-01 -1.467000e+00 3.044000e-01 3.403667e+00 -6.200000e-03 
3.946000e-01 4.493000e-02 6.035200e-01 2.294667e-09 1.002200e+00 -7.967667e-01 -3.470000e-01 1.988000e-01 3.820733e+00 -4.780000e-02 
2.340400e-01 5.405000e-02 6.342400e-01 1.756000e-09 1.009800e+00 -4.454333e-01 -5.616667e-01 9.000000e-02 3.685800e+00 -4.180000e-02 
3.379600e-01 4.207000e-02 6.647467e-01 2.772000e-09 8.590000e-01 -1.127000e-01 -1.789000e+00 5.412000e-01 4.283800e+00 9.666667e-03 
3.410800e-01 4.507000e-02 7.377067e-01 1.014667e-09 9.286000e-01 -1.226633e+00 -1.877667e+00 2.612000e-01 2.508200e+00 1.833333e-02 
2.647600e-01 4.543000e-02 6.939733e-01 2.956000e-09 8.854000e-01 -1.088167e+00 -5.196667e-01 1.300000e-01 3.054067e+00 -4.073333e-02 
3.002800e-01 5.329000e-02 6.190933e-01 1.561333e-09 1.003800e+00 1.208333e-01 -1.070333e+00 3.196000e-01 2.370200e+00 2.993333e-02 
3.833200e-01 4.397000e-02 7.121067e-01 1.716000e-09 9.374000e-01 -5.115667e-01 -2.806333e+00 5.756000e-01 4.280733e+00 -6.600000e-03 
2.542000e-01 4.623000e-02 6.628267e-01 2.596000e-09 8.666000e-01 -7.120333e-01 -1.415667e+00 2.440000e-02 2.219933e+00 8.333333e-03 
2.801200e-01 5.129000e-02 7.178667e-01 1.590667e-09 1.049400e+00 -8.670333e-01 -5.523333e-01 5.956000e-01 3.357667e+00 -3.860000e-02 
3.895600e-01 4.307000e-02 6.137600e-01 1.686667e-09 9.586000e-01 6.296667e-02 -1.840333e+00 3.308000e-01 4.289933e+00 1.980000e-02 
2.652400e-01 5.125000e-02 6.491733e-01 2.630667e-09 9.934000e-01 -4.826333e-01 -2.601000e+00 2.252000e-01 4.302200e+00 4.113333e-02 
3.019600e-01 4.557000e-02 7.353600e-01 1.678667e-09 1.080200e+00 1.621667e-01 -9.070000e-01 5.036000e-01 2.848600e+00 -4.193333e-02 
3.559600e-01 4.219000e-02 6.801067e-01 1.630667e-09 8.082000e-01 -1.112967e+00 9.166667e-02 9.320000e-02 3.072467e+00 -3.666667e-03 
2.258800e-01 5.105000e-02 6.231467e-01 1.745333e-09 1.040200e+00 -1.561000e-01 -2.638333e+00 2.404000e-01 2.673800e+00 3.933333e-03 
3.360400e-01 4.423000e-02 7.554133e-01 2.841333e-09 9.698000e-01 -2.883667e-01 -1.976667e-01 4.996000e-01 3.649000e+00 2.180000e-02 
3.718000e-01 4.837000e-02 6.649600e-01 1.182667e-09 8.454000e-01 -1.158433e+00 -1.107667e+00 4.760000e-02 4.013933e+00 -2.100000e-02 
2.777200e-01 4.225000e-02 6.018133e-01 1.721333e-09 9.670000e-01 -1.001367e+00 -6.270000e-01 2.988000e-01 4.418733e+00 3.180000e-02 
2.873200e-01 4.679000e-02 6.867200e-01 2.980000e-09 8.258000e-01 1.456333e-01 -8.603333e-01 1.420000e-01 2.968200e+00 -3.086667e-02 
3.934000e-01 5.169000e-02 7.387733e-01 1.193333e-09 1.003000e+00 -6.851667e-01 -2.087667e+00 4.596000e-01 2.919133e+00 4.600000e-03 
2.410000e-01 4.959000e-02 7.494400e-01 2.545333e-09 8.718000e-01 -1.581667e-01 -1.383000e+00 4.860000e-01 2.339533e+00 -1.686667e-02 
3.036400e-01 4.127000e-02 6.278400e-01 1.905333e-09 1.078600e+00 -1.172900e+00 -2.573000e+00 3.564000e-01 3.124600e+00 -8.333333e-03 
3.838000e-01 5.167000e-02 7.050667e-01 1.481333e-09 9.534000e-01 -4.206333e-01 -4.366667e-02 3.400000e-02 3.958733e+00 2.326667e-02 
2.666800e-01 4.279000e-02 7.270400e-01 2.198667e-09 9.274000e-01 -3.623333e-02 -1.527667e+00 1.292000e-01 2.259800e+00 -2.966667e-02 
3.130000e-01 5.457000e-02 6.455467e-01 1.020000e-09 1.067800e+00 -6.562333e-01 -1.230000e-01 3.612000e-01 3.259533e+00 1.286667e-02 
3.898000e-01 4.707000e-02 6.670933e-01 2.881333e-09 8.922000e-01 -8.443000e-01 -2.307000e+00 4.276000e-01 4.176467e+00 3.820000e-02 
2.501200e-01 4.723000e-02 7.091200e-01 2.166667e-09 1.095400e+00 -7.099667e-01 -2.680333e+00 2.924000e-01 2.661533e+00 4.326667e-02 
2.928400e-01 4.149000e-02 6.208000e-01 1.086667e-09 9.338000e-01 -2.015667e-01 -1.043333e-01 7.800000e-02 3.492600e+00 -2.766667e-02 
3.686800e-01 5.443000e-02 6.570667e-01 2.662667e-09 8.114000e-01 -8.112333e-01 -1.635000e+00 4.420000e-01 4.121267e+00 -6.066667e-03 
2.585200e-01 4.365000e-02 6.775467e-01 1.969333e-09 1.049800e+00 -7.409667e-01 -1.541667e+00 5.004000e-01 2.345667e+00 -4.540000e-02 
2.981200e-01 4.803000e-02 6.504533e-01 2.524000e-09 9.186000e-01 -8.133000e-01 3.296667e-01 6.920000e-02 4.412600e+00 1.873333e-02 
3.590800e-01 5.327000e-02 7.242667e-01 1.225333e-09 8.430000e-01 1.130000e-02 -2.759667e+00 3.740000e-01 3.535533e+00 4.466667e-03 
2.342800e-01 4.871000e-02 7.321600e-01 1.273333e-09 1.027800e+00 -3.255667e-01 -4.310000e-01 4.788000e-01 2.594067e+00 2.940000e-02 
3.386800e-01 5.273000e-02 7.040000e-01 2.193333e-09 9.218000e-01 -1.280367e+00 -6.783333e-01 2.740000e-01 4.397267e+00 -3.673333e-02 
3.430000e-01 4.157000e-02 6.461867e-01 2.396000e-09 8.910000e-01 1.828333e-01 -2.181000e+00 5.200000e-03 3.461933e+00 1.126667e-02 
2.227600e-01 4.079000e-02 6.613333e-01 1.454667e-09 9.314000e-01 -5.901000e-01 -2.386333e+00 4.572000e-01 2.790333e+00 3.113333e-02 
3.113200e-01 4.841000e-02 6.412800e-01 2.836000e-09 1.083000e+00 1.063667e-01 -6.363333e-01 1.444000e-01 3.394467e+00 -3.713333e-02 
3.931600e-01 5.401000e-02 7.187200e-01 1.702667e-09 8.618000e-01 -1.084033e+00 -1.560333e+00 2.244000e-01 4.066067e+00 1.166667e-02 
2.791600e-01 4.209000e-02 6.944000e-01 1.340000e-09 1.062600e+00 -3.917000e-01 -2.843667e+00 2.844000e-01 3.750200e+00 3.926667e-02 
3.055600e-01 5.473000e-02 7.076267e-01 2.206667e-09 8.542000e-01 -2.305000e-01 -2.583333e-01 5.996000e-01 3.437400e+00 1.046667e-02 
3.912400e-01 4.767000e-02 6.308267e-01 2.334667e-09 9.378000e-01 -1.255567e+00 -1.639667e+00 3.480000e-02 2.965133e+00 -3.220000e-02 
2.467600e-01 4.293000e-02 7.208533e-01 2.420000e-09 8.278000e-01 -2.181000e-01 -1.023667e+00 3.560000e-02 3.360733e+00 2.793333e-02 
3.266800e-01 4.797000e-02 6.022400e-01 2.324000e-09 1.037800e+00 -1.005500e+00 -2.153000e+00 5.516000e-01 4.105933e+00 7.266667e-03 
3.826000e-01 5.153000e-02 7.046400e-01 1.372000e-09 9.142000e-01 -3.317667e-01 -2.630000e-01 3.284000e-01 2.207667e+00 -3.886667e-02 
2.616400e-01 5.015000e-02 6.131200e-01 2.457333e-09 9.506000e-01 -5.012333e-01 -1.551000e+00 5.196000e-01 2.201533e+00 -2.833333e-02 
3.053200e-01 4.427000e-02 7.033600e-01 2.246667e-09 1.035400e+00 -6.103333e-02 -2.097000e+00 4.040000e-02 4.492333e+00 8.200000e-03 
3.818800e-01 4.815000e-02 7.479467e-01 1.393333e-09 8.254000e-01 -1.143967e+00 -3.703333e-01 3.476000e-01 3.256467e+00 1.953333e-02 
2.722000e-01 4.271000e-02 6.227200e-01 1.529333e-09 9.474000e-01 -7.368333e-01 -1.191667e+00 4.652000e-01 4.339000e+00 -4.340000e-02 
3.132400e-01 5.161000e-02 7.193600e-01 2.364000e-09 8.022000e-01 -8.195000e-01 -1.919667e+00 6.360000e-02 3.621400e+00 4.060000e-02 
3.974800e-01 4.827000e-02 6.743467e-01 1.958667e-09 1.057000e+00 5.263333e-02 -5.290000e-01 3.244000e-01 2.256733e+00 7.666667e-03 
2.590000e-01 5.369000e-02 7.505067e-01 2.180000e-09 1.060600e+00 -3.937667e-01 3.566667e-02 1.004000e-01 3.385267e+00 2.020000e-02 
3.166000e-01 4.843000e-02 6.246400e-01 1.028000e-09 9.350000e-01 -5.233333e-03 -1.719000e+00 4.980000e-01 4.286867e+00 -2.300000e-02 
3.458800e-01 4.291000e-02 6.976000e-01 2.556000e-09 8.514000e-01 -1.193567e+00 -2.722333e+00 2.668000e-01 2.615533e+00 3.000000e-03 
2.395600e-01 4.795000e-02 7.127467e-01 1.806667e-09 1.024600e+00 -5.529000e-01 -1.873000e+00 6.040000e-02 4.332867e+00 -4.553333e-02 
3.348400e-01 5.433000e-02 6.376533e-01 1.545333e-09 8.706000e-01 -1.086100e+00 -4.823333e-01 4.404000e-01 3.296333e+00 3.913333e-02 
3.638800e-01 4.027000e-02 6.779733e-01 2.913333e-09 9.042000e-01 -3.830000e-02 -1.658333e+00 3.404000e-01 2.308867e+00 -9.400000e-03 
2.642800e-01 4.339000e-02 6.734933e-01 2.697333e-09 8.334000e-01 -4.268333e-01 -6.550000e-01 5.108000e-01 2.471400e+00 -3.686667e-02 
3.286000e-01 5.177000e-02 6.453333e-01 2.254667e-09 9.074000e-01 -1.290700e+00 -2.787667e+00 1.828000e-01 4.059933e+00 2.486667e-02 
3.506800e-01 4.951000e-02 7.116800e-01 1.158667e-09 1.090600e+00 2.448333e-01 -1.098333e+00 2.772000e-01 3.406733e+00 6.200000e-03 
2.294800e-01 4.255000e-02 6.237867e-01 2.094667e-09 9.458000e-01 1.911000e-01 -5.103333e-01 3.732000e-01 3.590733e+00 3.806667e-02 
2.870800e-01 5.347000e-02 7.140267e-01 1.558667e-09 8.234000e-01 -4.371667e-01 -1.947667e+00 1.036000e-01 3.921933e+00 -4.140000e-02 
3.648400e-01 4.971000e-02 7.048533e-01 2.358667e-09 1.081400e+00 -1.265900e+00 -8.510000e-01 5.620000e-01 2.787267e+00 1.060000e-02 
2.669200e-01 4.333000e-02 6.602667e-01 1.265333e-09 9.354000e-01 1.167000e-01 -1.051667e+00 4.732000e-01 2.989667e+00 -4.513333e-02 
3.079600e-01 5.467000e-02 7.234133e-01 2.564000e-09 8.426000e-01 -8.319000e-01 -3.236667e-01 2.516000e-01 4.296067e+00 1.460000e-02 
3.610000e-01 4.921000e-02 6.195200e-01 2.028000e-09 1.098200e+00 -7.161667e-01 -2.643000e+00 1.652000e-01 2.554200e+00 2.860000e-02 
2.731600e-01 5.281000e-02 6.218667e-01 1.078667e-09 9.470000e-01 1.497667e-01 -1.425000e+00 2.564000e-01 3.241133e+00 -3.993333e-02 
2.986000e-01 4.085000e-02 7.210667e-01 1.900000e-09 8.486000e-01 -1.123300e+00 -2.778333e+00 5.092000e-01 3.817667e+00 -8.600000e-03 
3.518800e-01 4.727000e-02 6.990933e-01 2.902667e-09 1.016200e+00 -4.971000e-01 2.970000e-01 1.796000e-01 2.873133e+00 3.726667e-02 
2.222800e-01 4.433000e-02 7.104000e-01 2.100000e-09 8.770000e-01 1.993667e-01 -8.883333e-01 3.220000e-01 4.237800e+00 -1.140000e-02 
3.274000e-01 5.311000e-02 6.451200e-01 2.782667e-09 9.998000e-01 -1.104700e+00 -3.610000e-01 5.012000e-01 2.584867e+00 -2.953333e-02 
3.578800e-01 4.973000e-02 6.656000e-01 1.113333e-09 1.041000e+00 -7.430333e-01 -2.582333e+00 9.400000e-02 3.596867e+00 3.753333e-02 
2.215600e-01 4.545000e-02 6.914133e-01 1.521333e-09 8.158000e-01 -8.484333e-01 -4.403333e-01 5.580000e-01 3.762467e+00 -8.066667e-03 
3.094000e-01 4.159000e-02 7.364267e-01 2.345333e-09 1.043000e+00 -1.292333e-01 -7.110000e-01 1.560000e-02 2.735133e+00 2.366667e-02 
3.986800e-01 5.425000e-02 6.186667e-01 2.308000e-09 9.658000e-01 -6.211000e-01 -2.330333e+00 3.444000e-01 3.397533e+00 -1.713333e-02 
2.407600e-01 4.139000e-02 6.126933e-01 1.748000e-09 1.042600e+00 -7.719667e-01 -1.798333e+00 1.788000e-01 3.290200e+00 3.633333e-02 
3.156400e-01 4.839000e-02 7.089067e-01 2.924000e-09 9.310000e-01 8.983333e-02 -2.540333e+00 3.540000e-01 2.753533e+00 -4.580000e-02 
3.643600e-01 5.253000e-02 6.967467e-01 1.380000e-09 8.886000e-01 -8.091667e-01 3.950000e-01 4.300000e-01 4.173400e+00 7.933333e-03 
2.268400e-01 4.301000e-02 6.702933e-01 1.620000e-09 9.382000e-01 -1.170833e+00 -6.700000e-02 2.948000e-01 3.336200e+00 4.380000e-02 
3.314800e-01 5.269000e-02 7.588267e-01 2.486667e-09 1.013400e+00 -1.970000e-02 -1.089000e+00 5.052000e-01 3.866733e+00 -2.820000e-02 
3.955600e-01 4.509000e-02 6.052267e-01 1.908000e-09 8.702000e-01 -3.958333e-01 -2.629000e+00 1.732000e-01 2.637000e+00 -1.540000e-02 
2.688400e-01 5.361000e-02 6.954667e-01 2.769333e-09 9.942000e-01 2.783333e-02 -3.376667e-01 5.148000e-01 2.529667e+00 -1.400000e-03 
3.202000e-01 4.459000e-02 7.302400e-01 2.076000e-09 8.122000e-01 -7.265000e-01 -1.084333e+00 4.680000e-02 4.151933e+00 -2.900000e-02 
3.509200e-01 4.617000e-02 6.071467e-01 1.478667e-09 1.012600e+00 -1.137767e+00 -1.957000e+00 3.972000e-01 3.170600e+00 4.526667e-02 
2.474800e-01 5.251000e-02 6.596267e-01 1.230667e-09 8.526000e-01 -1.077833e+00 -2.419000e+00 2.100000e-01 4.234733e+00 -1.126667e-02 
2.902000e-01 4.125000e-02 6.099200e-01 2.110667e-09 9.558000e-01 -7.058333e-01 -9.443333e-01 4.972000e-01 2.394733e+00 4.046667e-02 
3.886000e-01 4.761000e-02 7.562667e-01 2.678667e-09 1.008600e+00 -1.623000e-01 -3.750000e-01 1.844000e-01 3.655133e+00 -1.913333e-02 
2.297200e-01 5.017000e-02 6.894933e-01 1.012000e-09 9.114000e-01 -1.478333e-01 -2.017667e+00 3.108000e-01 3.879000e+00 -2.600000e-03 
3.398800e-01 4.441000e-02 7.392000e-01 2.830667e-09 1.014600e+00 -5.239667e-01 -1.187000e+00 4.540000e-01 2.422333e+00 -4.153333e-02 
3.830800e-01 4.747000e-02 6.265600e-01 2.233333e-09 8.722000e-01 -1.216300e+00 -1.790000e-01 9.240000e-02 3.587667e+00 3.673333e-02 
2.472400e-01 4.111000e-02 6.050133e-01 1.804000e-09 8.966000e-01 -1.036500e+00 -3.003333e-01 1.084000e-01 3.317800e+00 -7.533333e-03 
2.868400e-01 5.403000e-02 7.214933e-01 1.284000e-09 9.106000e-01 -4.309667e-01 -2.820333e+00 2.060000e-01 2.361000e+00 -1.806667e-02 
3.991600e-01 4.819000e-02 6.860800e-01 2.494667e-09 1.007000e+00 -5.690000e-02 -7.996667e-01 4.284000e-01 3.989400e+00 4.153333e-02 
2.424400e-01 4.395000e-02 7.093333e-01 1.246667e-09 8.962000e-01 -1.022033e+00 8.233333e-02 2.840000e-02 2.949800e+00 -4.733333e-03 
2.844400e-01 4.607000e-02 6.084267e-01 2.777333e-09 1.028200e+00 6.916667e-02 -7.203333e-01 5.204000e-01 3.765533e+00 -1.900000e-02 
3.881200e-01 5.451000e-02 6.999467e-01 2.020000e-09 9.438000e-01 -6.913667e-01 -2.773667e+00 2.620000e-01 3.207400e+00 4.300000e-02 
2.525200e-01 5.323000e-02 6.737067e-01 2.265333e-09 8.518000e-01 -1.162567e+00 3.110000e-01 4.932000e-01 3.670467e+00 -6.866667e-03 
3.149200e-01 4.999000e-02 6.348800e-01 1.390667e-09 1.009000e+00 2.241667e-01 -2.624333e+00 2.764000e-01 3.833000e+00 3.460000e-02 
3.778000e-01 4.239000e-02 7.170133e-01 2.380000e-09 9.302000e-01 -7.017000e-01 -1.513667e+00 8.280000e-02 2.646200e+00 -4.753333e-02 
2.650000e-01 4.987000e-02 7.266133e-01 1.769333e-09 8.046000e-01 -6.723333e-02 -2.675667e+00 2.716000e-01 3.599933e+00 4.140000e-02 
3.029200e-01 5.271000e-02 6.092800e-01 1.446667e-09 1.030200e+00 -8.753000e-01 -1.229000e+00 5.548000e-01 2.275133e+00 -1.073333e-02 
3.792400e-01 4.097000e-02 7.001600e-01 2.382667e-09 9.962000e-01 -7.389000e-01 -4.776667e-01 1.160000e-02 3.918867e+00 -2.806667e-02 
2.558800e-01 4.015000e-02 7.323733e-01 2.361333e-09 9.094000e-01 -1.081967e+00 -1.910333e+00 4.548000e-01 2.557267e+00 1.966667e-02 
2.882800e-01 5.485000e-02 6.730667e-01 2.209333e-09 1.099800e+00 -3.483000e-01 -1.434333e+00 2.196000e-01 3.458867e+00 8.866667e-03 
3.593200e-01 4.523000e-02 6.291200e-01 1.606667e-09 8.118000e-01 -1.809000e-01 -5.943333e-01 1.220000e-01 4.329800e+00 -2.940000e-02 
2.278000e-01 4.537000e-02 7.473067e-01 2.817333e-09 8.134000e-01 -8.360333e-01 -1.317667e+00 3.580000e-01 3.299400e+00 -1.800000e-03 
3.370000e-01 4.113000e-02 6.152533e-01 1.694667e-09 1.021000e+00 -1.251000e-01 -2.400333e+00 4.164000e-01 2.413133e+00 2.006667e-02 
3.667600e-01 5.303000e-02 6.692267e-01 1.412000e-09 9.722000e-01 -5.756333e-01 -4.263333e-01 1.164000e-01 4.050733e+00 -4.620000e-02 
2.330800e-01 4.587000e-02 6.760533e-01 1.852000e-09 8.358000e-01 -1.094367e+00 1.896667e-01 3.236000e-01 2.428467e+00 -2.660000e-02 
3.103600e-01 5.297000e-02 6.425600e-01 2.577333e-09 1.005800e+00 -2.987000e-01 -7.436667e-01 5.436000e-01 4.477000e+00 2.126667e-02 
3.530800e-01 4.171000e-02 7.227733e-01 1.486667e-09 9.758000e-01 -1.375000e-01 -2.792333e+00 4.920000e-02 3.425133e+00 -3.133333e-03 
2.597200e-01 5.155000e-02 7.159467e-01 2.249333e-09 8.186000e-01 1.580333e-01 -2.694333e+00 2.380000e-01 2.830200e+00 -1.433333e-02 
2.810800e-01 4.267000e-02 6.464000e-01 2.806667e-09 1.029400e+00 -1.131567e+00 -6.176667e-01 1.068000e-01 3.026467e+00 4.753333e-02 
3.859600e-01 4.653000e-02 6.811733e-01 1.060000e-09 9.630000e-01 -6.686333e-01 -6.830000e-01 5.556000e-01 4.167267e+00 -2.620000e-02 
2.654800e-01 5.397000e-02 6.257067e-01 2.113333e-09 9.574000e-01 -1.232833e+00 -1.728333e+00 5.876000e-01 3.455800e+00 6.733333e-03 
2.914000e-01 4.177000e-02 6.909867e-01 1.108000e-09 8.522000e-01 -1.705667e-01 -3.796667e-01 3.156000e-01 4.133533e+00 -3.406667e-02 
3.739600e-01 4.813000e-02 7.398400e-01 2.417333e-09 1.055000e+00 -3.028333e-01 -2.274333e+00 3.640000e-02 2.897667e+00 2.713333e-02 
2.314000e-01 5.399000e-02 7.317333e-01 1.697333e-09 9.850000e-01 -1.108833e+00 -2.490000e-01 1.836000e-01 2.655400e+00 -4.200000e-03 
2.974000e-01 4.303000e-02 6.304000e-01 2.876000e-09 1.048600e+00 -4.661000e-01 -2.101667e+00 2.356000e-01 4.437133e+00 -2.166667e-02 
3.727600e-01 4.763000e-02 6.963200e-01 1.297333e-09 8.406000e-01 1.187667e-01 -7.763333e-01 5.716000e-01 3.369933e+00 3.353333e-02 
2.434000e-01 4.877000e-02 6.796800e-01 2.508000e-09 1.045000e+00 9.190000e-02 -2.484333e+00 3.800000e-02 3.409800e+00 -2.913333e-02 
3.007600e-01 5.215000e-02 7.278933e-01 1.238667e-09 8.470000e-01 -2.925000e-01 -5.663333e-01 4.804000e-01 2.351800e+00 1.806667e-02 
3.674800e-01 4.005000e-02 6.359467e-01 1.742667e-09 9.130000e-01 -1.247300e+00 -1.224333e+00 2.396000e-01 3.851400e+00 -1.153333e-02 
2.261200e-01 5.241000e-02 7.300267e-01 2.217333e-09 8.782000e-01 -4.165000e-01 -1.765667e+00 1.524000e-01 4.391133e+00 8.066667e-03 
2.978800e-01 4.539000e-02 6.124800e-01 1.001333e-09 9.202000e-01 -8.546333e-01 -2.303333e-01 2.980000e-01 2.434600e+00 1.726667e-02 
3.828400e-01 4.431000e-02 6.683733e-01 2.705333e-09 1.013800e+00 -2.383333e-02 -1.994333e+00 5.164000e-01 3.547800e+00 -4.593333e-02 
2.602000e-01 5.277000e-02 6.694400e-01 2.049333e-09 9.334000e-01 9.396667e-02 -9.723333e-01 5.684000e-01 3.961800e+00 -3.566667e-02 
3.115600e-01 4.577000e-02 7.456000e-01 1.465333e-09 1.079800e+00 -9.869000e-01 -2.863333e-01 2.520000e-02 3.609133e+00 -9.666667e-03 
3.773200e-01 4.247000e-02 6.397867e-01 2.574667e-09 8.990000e-01 -7.285667e-01 -2.167000e+00 3.748000e-01 2.704467e+00 4.833333e-02 
2.354800e-01 4.335000e-02 6.660267e-01 1.862667e-09 1.041400e+00 -2.160333e-01 -5.336667e-01 5.720000e-02 3.179800e+00 -4.900000e-02 
2.839600e-01 4.919000e-02 7.232000e-01 2.977333e-09 8.474000e-01 -2.677000e-01 -2.498333e+00 4.116000e-01 3.943400e+00 2.380000e-02 
3.941200e-01 5.333000e-02 6.530133e-01 1.300000e-09 9.786000e-01 -1.203900e+00 -1.000333e+00 3.620000e-01 2.713667e+00 -1.133333e-03 
2.446000e-01 4.659000e-02 6.182400e-01 2.801333e-09 9.882000e-01 -2.119000e-01 -2.210000e-01 4.500000e-01 2.600200e+00 2.033333e-02 
3.096400e-01 5.245000e-02 7.099733e-01 1.116000e-09 1.029000e+00 -9.352333e-01 -2.848333e+00 3.724000e-01 3.103133e+00 -3.766667e-02 
3.984400e-01 4.295000e-02 6.984533e-01 2.073333e-09 8.598000e-01 -3.607000e-01 -9.583333e-01 1.356000e-01 4.498467e+00 1.473333e-02 
2.705200e-01 4.929000e-02 6.346667e-01 2.230667e-09 9.066000e-01 2.076333e-01 -2.213667e+00 5.596000e-01 4.056867e+00 2.953333e-02 
2.863600e-01 5.035000e-02 6.624000e-01 1.180000e-09 1.087800e+00 -9.001000e-01 -1.509000e+00 6.600000e-02 3.253400e+00 -3.366667e-02 
3.972400e-01 4.463000e-02 7.485867e-01 2.694667e-09 8.902000e-01 -4.041000e-01 -1.930000e-01 2.900000e-01 2.400867e+00 -1.266667e-03 
2.527600e-01 4.265000e-02 7.404800e-01 1.470667e-09 9.330000e-01 -3.648333e-01 -9.863333e-01 1.748000e-01 2.520467e+00 4.966667e-02 
2.818000e-01 4.935000e-02 6.176000e-01 2.124000e-09 1.088600e+00 -8.298333e-01 -2.023333e-01 2.124000e-01 4.394200e+00 -2.486667e-02 
3.670000e-01 5.165000e-02 6.941867e-01 2.446667e-09 8.274000e-01 -1.189000e-01 -2.619667e+00 5.796000e-01 3.480333e+00 -1.633333e-02 
2.206000e-01 4.963000e-02 6.790400e-01 1.665333e-09 1.069800e+00 -9.786333e-01 -2.770000e-01 1.612000e-01 3.845267e+00 2.260000e-02 
3.187600e-01 4.021000e-02 6.129067e-01 2.441333e-09 9.342000e-01 -1.313000e-01 -2.353667e+00 2.732000e-01 3.161400e+00 -3.300000e-02 
3.850000e-01 5.499000e-02 7.313067e-01 2.174667e-09 8.874000e-01 -5.921667e-01 -1.215000e+00 5.316000e-01 2.465267e+00 -1.000000e-03 
2.362000e-01 4.957000e-02 6.306133e-01 1.953333e-09 1.053000e+00 9.233333e-03 -2.204333e+00 3.596000e-01 4.277667e+00 -2.553333e-02 
3.070000e-01 5.263000e-02 6.973867e-01 2.430667e-09 8.166000e-01 -8.794333e-01 -6.233333e-02 4.460000e-01 2.324200e+00 -1.406667e-02 
3.713200e-01 4.073000e-02 7.571200e-01 1.628000e-09 9.982000e-01 -6.955000e-01 -1.537000e+00 1.404000e-01 3.584600e+00 3.873333e-02 
2.546800e-01 4.717000e-02 7.325867e-01 2.796000e-09 9.894000e-01 -8.153667e-01 -2.857667e+00 1.180000e-01 3.897400e+00 -9.266667e-03 
3.298000e-01 4.359000e-02 6.489600e-01 1.913333e-09 8.446000e-01 1.332333e-01 -4.636667e-01 3.260000e-01 2.698333e+00 4.993333e-02 
3.797200e-01 5.353000e-02 6.711467e-01 1.326667e-09 1.074600e+00 -5.281000e-01 -7.903333e-01 4.628000e-01 2.980467e+00 -4.366667e-02 
2.494000e-01 4.329000e-02 6.028800e-01 1.980000e-09 1.011000e+00 -3.462333e-01 -2.363000e+00 5.356000e-01 3.189000e+00 -1.233333e-02 
3.118000e-01 5.489000e-02 6.956800e-01 2.561333e-09 9.366000e-01 -1.007567e+00 -1.183333e-01 1.900000e-01 2.765800e+00 3.940000e-02 
3.823600e-01 4.715000e-02 7.534933e-01 1.220000e-09 8.678000e-01 -1.023667e-01 -1.247667e+00 2.804000e-01 4.231667e+00 -2.353333e-02 
2.594800e-01 4.631000e-02 6.948267e-01 1.828000e-09 9.146000e-01 -9.910333e-01 2.830000e-01 1.108000e-01 4.035400e+00 -4.833333e-02 
3.214000e-01 4.257000e-02 7.097600e-01 1.097333e-09 8.502000e-01 1.601000e-01 -2.465667e+00 2.532000e-01 2.695267e+00 3.286667e-02 
3.746800e-01 5.071000e-02 6.385067e-01 2.833333e-09 1.067400e+00 -4.061667e-01 -8.976667e-01 5.588000e-01 3.011133e+00 1.273333e-02 
2.549200e-01 5.283000e-02 6.696533e-01 1.537333e-09 1.045400e+00 -7.300000e-03 -1.112333e+00 5.028000e-01 2.462200e+00 -3.060000e-02 
2.964400e-01 4.019000e-02 6.171733e-01 2.350667e-09 8.090000e-01 -5.363667e-01 -5.896667e-01 3.764000e-01 3.658200e+00 3.540000e-02 
3.816400e-01 4.829000e-02 7.545600e-01 2.228000e-09 9.874000e-01 -9.621000e-01 -1.961667e+00 2.680000e-02 4.130467e+00 -1.526667e-02 
2.482000e-01 4.651000e-02 7.526400e-01 1.884000e-09 8.658000e-01 -7.223667e-01 -2.666333e+00 2.956000e-01 4.109000e+00 -4.046667e-02 
2.950000e-01 4.357000e-02 6.679467e-01 1.305333e-09 9.126000e-01 -7.963333e-02 -9.490000e-01 5.836000e-01 2.262867e+00 2.393333e-02 
3.802000e-01 5.317000e-02 6.438400e-01 2.393333e-09 1.020600e+00 -1.003433e+00 1.523333e-01 1.684000e-01 3.532467e+00 -8.666667e-04 
2.393200e-01 4.409000e-02 6.560000e-01 1.254667e-09 9.422000e-01 -1.274167e+00 -1.462333e+00 4.396000e-01 2.446867e+00 -9.133333e-03 
3.350800e-01 4.779000e-02 7.592533e-01 2.054667e-09 8.806000e-01 -1.085667e-01 -6.410000e-01 1.556000e-01 3.645933e+00 4.980000e-02 
3.413200e-01 5.213000e-02 6.220800e-01 2.497333e-09 1.065400e+00 -3.999667e-01 -1.835667e+00 3.812000e-01 4.308333e+00 -3.940000e-02 
2.568400e-01 4.891000e-02 6.726400e-01 2.620000e-09 1.066200e+00 2.163333e-02 -4.683333e-01 1.716000e-01 4.026200e+00 3.700000e-02 
3.067600e-01 4.389000e-02 6.088533e-01 1.345333e-09 8.942000e-01 -1.201833e+00 -1.117000e+00 5.700000e-01 3.560067e+00 3.400000e-03 
3.598000e-01 5.109000e-02 7.411200e-01 2.278667e-09 9.510000e-01 -5.694333e-01 -2.685000e+00 3.100000e-01 2.204600e+00 -3.620000e-02 
2.686000e-01 4.593000e-02 7.468800e-01 2.750667e-09 9.346000e-01 -1.261767e+00 -1.817000e+00 4.060000e-01 4.271533e+00 1.246667e-02 
3.276400e-01 5.257000e-02 6.295467e-01 2.132000e-09 1.094200e+00 -6.231667e-01 -9.500000e-02 1.852000e-01 2.575667e+00 4.460000e-02 
3.730000e-01 4.435000e-02 6.720000e-01 1.052000e-09 8.818000e-01 2.324333e-01 -2.003667e+00 2.748000e-01 3.311667e+00 -2.193333e-02 
2.282800e-01 5.157000e-02 7.296000e-01 2.873333e-09 9.394000e-01 -8.257000e-01 1.196667e-01 3.492000e-01 3.238067e+00 1.353333e-02 
3.137200e-01 4.521000e-02 6.758400e-01 1.102667e-09 1.049000e+00 1.146333e-01 -1.761000e+00 1.452000e-01 2.265933e+00 2.273333e-02 
3.926800e-01 4.451000e-02 6.103467e-01 2.145333e-09 8.774000e-01 -7.802333e-01 -2.185667e+00 4.828000e-01 4.087533e+00 -1.726667e-02 
2.700400e-01 5.171000e-02 7.515733e-01 1.734667e-09 1.089800e+00 -6.397000e-01 -2.223000e+00 3.964000e-01 4.191800e+00 -3.233333e-02 
3.050800e-01 4.753000e-02 6.233600e-01 2.353333e-09 8.414000e-01 2.365667e-01 -1.607000e+00 4.188000e-01 2.566467e+00 -1.366667e-02 
3.910000e-01 4.245000e-02 6.899200e-01 1.457333e-09 9.762000e-01 -1.090233e+00 3.156667e-01 1.388000e-01 3.639800e+00 2.780000e-02 
2.578000e-01 4.233000e-02 7.123200e-01 2.529333e-09 8.086000e-01 -6.025000e-01 -2.493667e+00 1.156000e-01 3.023400e+00 -2.633333e-02 
2.851600e-01 4.615000e-02 6.310400e-01 2.121333e-09 1.095000e+00 -1.185300e+00 -8.100000e-02 5.100000e-01 2.609400e+00 -1.340000e-02 
3.900400e-01 5.179000e-02 6.897067e-01 1.188000e-09 9.414000e-01 -2.367000e-01 -1.448333e+00 3.468000e-01 4.136600e+00 4.233333e-02 
2.304400e-01 4.567000e-02 6.299733e-01 2.670667e-09 9.278000e-01 -1.096433e+00 -1.345667e+00 2.300000e-01 4.372733e+00 -2.846667e-02 
3.355600e-01 4.469000e-02 7.481600e-01 2.065333e-09 8.434000e-01 9.603333e-02 -2.232333e+00 5.404000e-01 3.526333e+00 2.473333e-02 
3.434800e-01 5.435000e-02 6.681600e-01 1.526667e-09 1.019400e+00 -5.219000e-01 -5.570000e-01 5.080000e-02 2.232200e+00 1.400000e-03 
2.513200e-01 5.047000e-02 7.016533e-01 1.374667e-09 8.298000e-01 2.427667e-01 -9.910000e-01 7.080000e-02 3.051000e+00 2.000000e-04 
2.861200e-01 4.619000e-02 7.255467e-01 2.454667e-09 9.194000e-01 -1.294833e+00 -3.050000e-01 5.780000e-01 2.882333e+00 -3.420000e-02 
3.554800e-01 4.483000e-02 6.301867e-01 2.081333e-09 1.093000e+00 -6.190333e-01 -2.521667e+00 2.428000e-01 4.219400e+00 3.006667e-02 
2.402800e-01 4.261000e-02 6.673067e-01 1.505333e-09 1.023000e+00 -4.619667e-01 2.130000e-01 7.720000e-02 4.311400e+00 -6.733333e-03 
3.384400e-01 5.227000e-02 7.541333e-01 2.958667e-09 8.762000e-01 -9.021667e-01 -7.950000e-01 5.068000e-01 3.452733e+00 -2.260000e-02 
3.528400e-01 4.791000e-02 6.414933e-01 1.670667e-09 9.190000e-01 -2.511667e-01 -2.988333e+00 2.476000e-01 2.532733e+00 4.633333e-02 
2.551600e-01 5.225000e-02 6.568533e-01 2.481333e-09 9.270000e-01 2.179667e-01 -1.891667e+00 3.880000e-02 2.606333e+00 1.500000e-02 
3.173200e-01 4.317000e-02 7.447467e-01 2.022667e-09 8.098000e-01 -3.131667e-01 -1.387667e+00 4.900000e-01 4.293000e+00 -2.673333e-02 
3.636400e-01 4.783000e-02 6.368000e-01 1.646667e-09 1.072600e+00 -9.600333e-01 2.690000e-01 3.796000e-01 3.563133e+00 3.886667e-02 
2.249200e-01 4.031000e-02 6.905600e-01 2.241333e-09 9.162000e-01 -7.451000e-01 -1.882333e+00 4.476000e-01 3.787000e+00 -3.486667e-02 
3.389200e-01 5.479000e-02 6.094933e-01 2.753333e-09 8.986000e-01 8.776667e-02 -1.630333e+00 1.964000e-01 3.434333e+00 1.713333e-02 
3.552400e-01 4.989000e-02 7.144533e-01 1.572000e-09 1.099400e+00 -1.181167e+00 1.616667e-01 2.268000e-01 2.658467e+00 1.153333e-02 
2.390800e-01 5.085000e-02 6.276267e-01 1.836000e-09 9.026000e-01 -1.152233e+00 -1.723667e+00 2.600000e-02 3.143000e+00 -1.646667e-02 
3.367600e-01 4.419000e-02 7.402667e-01 1.350667e-09 1.059800e+00 -5.483333e-02 -2.008333e+00 3.068000e-01 4.446333e+00 -1.940000e-02 
3.475600e-01 4.703000e-02 6.952533e-01 2.732000e-09 8.982000e-01 -2.842333e-01 -3.423333e-01 5.820000e-01 2.272067e+00 2.166667e-02 
2.376400e-01 5.455000e-02 6.316800e-01 1.657333e-09 8.786000e-01 -3.235000e-01 -2.443333e-01 8.520000e-02 2.689133e+00 -6.000000e-04 
3.216400e-01 4.243000e-02 7.458133e-01 2.622667e-09 1.038200e+00 1.745667e-01 -1.989667e+00 2.044000e-01 3.541667e+00 -3.913333e-02 
3.982000e-01 4.909000e-02 6.784000e-01 1.692000e-09 9.634000e-01 -1.183233e+00 -1.238333e+00 5.764000e-01 3.808467e+00 2.460000e-02 
2.506000e-01 4.497000e-02 6.920533e-01 2.484000e-09 1.048200e+00 2.055667e-01 -2.909000e+00 3.588000e-01 3.823800e+00 1.233333e-02 
2.909200e-01 5.491000e-02 6.493867e-01 1.609333e-09 8.994000e-01 -1.073700e+00 -7.856667e-01 1.200000e-03 3.501800e+00 3.086667e-02 
3.854800e-01 4.825000e-02 7.530667e-01 1.673333e-09 9.782000e-01 -7.761000e-01 -7.166667e-02 5.668000e-01 2.876200e+00 -2.926667e-02 
2.765200e-01 5.107000e-02 7.003733e-01 1.369333e-09 8.506000e-01 -1.179100e+00 3.063333e-01 2.348000e-01 2.618600e+00 2.900000e-02 
2.957200e-01 4.343000e-02 6.013867e-01 2.401333e-09 9.686000e-01 4.023333e-02 -9.116667e-01 1.324000e-01 4.274600e+00 8.466667e-03 
3.574000e-01 4.805000e-02 7.539200e-01 1.924000e-09 1.007800e+00 -4.537000e-01 -2.596333e+00 5.860000e-01 3.173667e+00 -3.966667e-02 
2.448400e-01 4.869000e-02 7.283200e-01 1.878667e-09 9.594000e-01 5.676667e-02 -2.442333e+00 5.308000e-01 3.146067e+00 -4.486667e-02 
2.825200e-01 4.323000e-02 6.513067e-01 1.313333e-09 8.214000e-01 -7.781667e-01 -2.536667e-01 1.100000e-01 4.360467e+00 1.193333e-02 
3.943600e-01 5.013000e-02 6.577067e-01 2.788000e-09 1.021800e+00 -1.065433e+00 -1.359667e+00 2.724000e-01 2.388600e+00 2.340000e-02 
2.786800e-01 4.911000e-02 7.018667e-01 2.510667e-09 1.084600e+00 -7.616333e-01 1.990000e-01 1.132000e-01 2.885400e+00 -3.473333e-02 
3.394000e-01 5.415000e-02 6.120533e-01 1.430667e-09 8.534000e-01 1.435667e-01 -1.042333e+00 2.916000e-01 4.001667e+00 -4.666667e-04 
3.770800e-01 4.347000e-02 7.502933e-01 2.169333e-09 9.714000e-01 -8.071000e-01 -2.073667e+00 5.084000e-01 3.682733e+00 4.700000e-02 
2.630800e-01 4.517000e-02 7.293867e-01 1.150667e-09 8.146000e-01 -3.214333e-01 -5.990000e-01 2.452000e-01 2.526600e+00 -2.593333e-02 
3.336400e-01 5.393000e-02 7.008000e-01 2.004000e-09 1.047800e+00 -1.891667e-01 -2.055000e+00 5.268000e-01 3.811533e+00 4.473333e-02 
3.449200e-01 4.237000e-02 6.167467e-01 2.916000e-09 9.926000e-01 -1.048900e+00 -7.670000e-01 4.200000e-02 3.603000e+00 -4.866667e-03 
2.210800e-01 5.113000e-02 7.012267e-01 2.548000e-09 8.386000e-01 -7.513000e-01 -2.689667e+00 2.156000e-01 3.001933e+00 2.833333e-02 
3.101200e-01 4.685000e-02 6.178133e-01 1.785333e-09 1.023800e+00 -1.075767e+00 3.250000e-01 7.480000e-02 2.909933e+00 -3.833333e-02 
3.857200e-01 4.425000e-02 7.385600e-01 1.614667e-09 9.938000e-01 1.394333e-01 -1.047000e+00 5.388000e-01 3.885133e+00 1.393333e-02 
2.232400e-01 4.643000e-02 6.440533e-01 2.993333e-09 1.020200e+00 -9.807000e-01 -2.083000e+00 3.092000e-01 3.342333e+00 2.046667e-02 
3.295600e-01 4.099000e-02 7.400533e-01 1.241333e-09 8.954000e-01 -5.508333e-01 -6.643333e-01 3.080000e-02 2.489800e+00 6.666667e-05 
3.994000e-01 5.377000e-02 6.700800e-01 1.870667e-09 9.578000e-01 -1.106333e-01 -6.923333e-01 4.748000e-01 4.127400e+00 -1.860000e-02 
2.266000e-01 5.495000e-02 6.114133e-01 2.438667e-09 8.898000e-01 -4.289000e-01 -5.243333e-01 4.660000e-01 3.281000e+00 7.533333e-03 
3.264400e-01 4.663000e-02 7.125333e-01 1.302667e-09 9.826000e-01 -1.195633e+00 -1.681667e+00 1.932000e-01 4.213267e+00 -4.766667e-02 
3.787600e-01 4.363000e-02 7.014400e-01 2.102667e-09 1.027400e+00 1.931667e-01 -2.195000e+00 3.332000e-01 2.808733e+00 4.406667e-02 
2.719600e-01 4.495000e-02 7.464533e-01 1.476000e-09 1.084200e+00 -2.590000e-02 -7.250000e-01 1.060000e-01 2.514333e+00 -2.006667e-02 
2.854000e-01 5.065000e-02 6.871467e-01 2.716000e-09 9.946000e-01 -9.393667e-01 -2.867000e+00 5.652000e-01 3.780867e+00 4.033333e-02 
3.996400e-01 4.581000e-02 6.026667e-01 1.934667e-09 8.490000e-01 -6.355667e-01 2.083333e-01 3.132000e-01 3.449667e+00 -9.800000e-03 
2.208400e-01 5.223000e-02 6.933333e-01 2.238667e-09 8.646000e-01 -5.777000e-01 -1.420333e+00 5.292000e-01 3.974067e+00 3.900000e-02 
2.947600e-01 4.535000e-02 6.314667e-01 1.356000e-09 9.738000e-01 2.370000e-02 -2.391000e+00 9.160000e-02 2.652333e+00 -3.726667e-02 
3.950800e-01 4.349000e-02 7.428267e-01 2.356000e-09 1.074200e+00 -1.013767e+00 -4.030000e-01 3.436000e-01 3.504867e+00 3.533333e-03 
2.465200e-01 4.637000e-02 6.722133e-01 2.033333e-09 8.226000e-01 -1.042700e+00 -1.182333e+00 4.468000e-01 2.373267e+00 3.580000e-02 
3.300400e-01 5.115000e-02 6.517333e-01 2.974667e-09 1.056200e+00 2.200333e-01 -2.059667e+00 3.572000e-01 3.722600e+00 1.486667e-02 
3.547600e-01 4.297000e-02 7.470933e-01 1.449333e-09 9.486000e-01 -6.975667e-01 2.596667e-01 1.820000e-01 4.348200e+00 -2.513333e-02 
2.201200e-01 5.309000e-02 6.606933e-01 2.084000e-09 9.890000e-01 -9.366667e-03 -1.779667e+00 5.284000e-01 2.891533e+00 3.953333e-02 
3.125200e-01 4.627000e-02 7.453867e-01 2.726667e-09 8.058000e-01 -7.575000e-01 1.850000e-01 1.428000e-01 3.201267e+00 8.600000e-03 
3.938800e-01 4.485000e-02 6.485333e-01 1.468000e-09 1.051000e+00 -1.015833e+00 -2.260333e+00 3.788000e-01 4.124333e+00 -2.060000e-02 
2.729200e-01 5.389000e-02 6.638933e-01 2.321333e-09 1.069400e+00 -1.034433e+00 2.223333e-01 4.508000e-01 3.557000e+00 1.380000e-02 
2.988400e-01 4.583000e-02 6.325333e-01 2.500000e-09 8.830000e-01 -4.681667e-01 -2.750333e+00 4.440000e-02 3.894333e+00 -4.060000e-02 
3.521200e-01 4.205000e-02 7.579733e-01 1.542667e-09 9.034000e-01 8.570000e-02 -7.576667e-01 3.916000e-01 2.541933e+00 1.700000e-02 
2.369200e-01 5.117000e-02 6.557867e-01 1.753333e-09 8.350000e-01 -2.863000e-01 -3.330000e-01 5.320000e-02 4.335933e+00 1.993333e-02 
2.993200e-01 4.895000e-02 7.586133e-01 2.569333e-09 1.086600e+00 -7.885000e-01 -1.849667e+00 5.476000e-01 3.529400e+00 8.733333e-03 
3.852400e-01 4.107000e-02 6.500267e-01 1.516000e-09 9.122000e-01 -2.449667e-01 -9.163333e-01 2.940000e-01 2.278200e+00 -2.206667e-02 
2.614000e-01 4.995000e-02 6.073600e-01 2.964000e-09 1.034600e+00 -5.033000e-01 -8.836667e-01 5.160000e-02 2.572600e+00 1.793333e-02 
2.887600e-01 5.465000e-02 7.080533e-01 1.022667e-09 8.682000e-01 -9.951667e-01 -5.756667e-01 4.148000e-01 3.115400e+00 -2.113333e-02 
3.965200e-01 4.011000e-02 7.020800e-01 2.281333e-09 9.906000e-01 -1.974333e-01 -1.975667e+00 3.268000e-01 3.915800e+00 2.466667e-03 
2.251600e-01 5.097000e-02 6.410667e-01 1.214667e-09 8.150000e-01 -4.599000e-01 -1.103000e+00 4.372000e-01 2.781133e+00 2.333333e-03 
3.086800e-01 4.289000e-02 6.978133e-01 2.748000e-09 9.138000e-01 -1.243167e+00 -2.297667e+00 1.956000e-01 3.937267e+00 -4.686667e-02 
3.641200e-01 4.883000e-02 7.445333e-01 1.964000e-09 1.086200e+00 -2.470333e-01 -1.323333e-01 2.108000e-01 3.691933e+00 4.246667e-02 
2.587600e-01 4.133000e-02 6.329600e-01 1.249333e-09 1.088200e+00 -2.656333e-01 -1.093667e+00 3.828000e-01 4.170333e+00 1.933333e-03 
3.022000e-01 5.091000e-02 6.922667e-01 1.929333e-09 8.366000e-01 -8.732333e-01 3.530000e-01 2.760000e-02 2.879267e+00 -2.700000e-02 
3.720400e-01 4.881000e-02 7.347200e-01 2.998667e-09 9.626000e-01 -3.007667e-01 -2.367667e+00 5.180000e-01 3.130733e+00 2.286667e-02 
2.676400e-01 4.977000e-02 6.745600e-01 2.996000e-09 1.050200e+00 -3.731000e-01 -2.344333e+00 4.676000e-01 2.379400e+00 1.033333e-02 
2.866000e-01 5.123000e-02 6.532267e-01 1.289333e-09 9.482000e-01 -9.559000e-01 1.010000e-01 2.892000e-01 4.363533e+00 4.393333e-02 
3.454000e-01 4.061000e-02 7.500800e-01 1.705333e-09 8.630000e-01 -1.143333e-02 -9.396667e-01 1.916000e-01 3.274867e+00 -4.020000e-02 
2.292400e-01 5.355000e-02 6.442667e-01 1.574667e-09 9.774000e-01 -6.066333e-01 1.663333e-01 3.180000e-01 2.833267e+00 4.620000e-02 
3.144400e-01 4.749000e-02 7.522133e-01 1.990667e-09 8.574000e-01 1.952333e-01 -2.190333e+00 8.600000e-02 4.112067e+00 -4.466667e-03 
3.614800e-01 4.381000e-02 6.715733e-01 2.337333e-09 1.087000e+00 -9.683000e-01 -1.770333e+00 5.972000e-01 3.195133e+00 -3.260000e-02 
2.662000e-01 4.665000e-02 6.009600e-01 2.017333e-09 1.024200e+00 -1.063367e+00 2.736667e-01 2.460000e-01 2.744333e+00 2.540000e-02 
2.935600e-01 5.441000e-02 7.524267e-01 1.353333e-09 9.986000e-01 -2.408333e-01 -1.028333e+00 1.364000e-01 4.259267e+00 -2.886667e-02 
3.893200e-01 4.283000e-02 7.025067e-01 2.388000e-09 8.178000e-01 -5.818333e-01 -1.933667e+00 5.524000e-01 3.029533e+00 -1.246667e-02 
2.796400e-01 4.049000e-02 7.498667e-01 2.148000e-09 1.069000e+00 -8.608333e-01 -8.043333e-01 4.220000e-01 3.363800e+00 3.846667e-02 
2.806000e-01 5.417000e-02 6.498133e-01 2.852000e-09 9.054000e-01 -3.173000e-01 -1.650000e-01 3.772000e-01 2.943667e+00 -4.913333e-02 
3.629200e-01 4.849000e-02 6.666667e-01 1.206667e-09 8.754000e-01 -1.829667e-01 -2.503000e+00 9.480000e-02 4.458600e+00 3.800000e-03 
2.710000e-01 5.009000e-02 6.193067e-01 1.398667e-09 1.099000e+00 7.166667e-03 -2.256667e-01 2.140000e-01 3.090867e+00 -1.926667e-02 
3.012400e-01 4.203000e-02 7.509333e-01 2.601333e-09 9.858000e-01 -3.503667e-01 -2.409667e+00 4.604000e-01 4.400333e+00 -1.566667e-02 
3.502000e-01 4.743000e-02 6.903467e-01 2.257333e-09 8.566000e-01 -1.263833e+00 -1.126333e+00 1.724000e-01 2.449933e+00 4.500000e-02 
2.626000e-01 4.757000e-02 7.421867e-01 2.942667e-09 1.000600e+00 -3.338333e-01 -1.686333e+00 1.092000e-01 2.955933e+00 4.313333e-02 
2.959600e-01 4.305000e-02 6.284800e-01 2.140000e-09 8.378000e-01 -1.044767e+00 3.763333e-01 3.604000e-01 4.099800e+00 -2.140000e-02 
3.600400e-01 5.337000e-02 6.594133e-01 1.169333e-09 9.854000e-01 5.056667e-02 -2.115667e+00 5.916000e-01 3.155267e+00 -1.326667e-02 
2.383600e-01 4.067000e-02 6.592000e-01 1.233333e-09 9.818000e-01 -5.198333e-01 7.766667e-02 4.924000e-01 3.035667e+00 9.266667e-03 
3.074800e-01 5.413000e-02 6.502400e-01 1.942667e-09 1.032200e+00 -2.387667e-01 -2.951000e+00 1.780000e-01 2.913000e+00 -4.380000e-02 
3.979600e-01 4.915000e-02 7.406933e-01 2.820000e-09 8.914000e-01 -8.918333e-01 -8.416667e-01 2.500000e-01 3.734867e+00 3.833333e-02 
2.438800e-01 5.203000e-02 6.400000e-01 1.414667e-09 8.110000e-01 -7.244333e-01 -4.170000e-01 2.420000e-01 3.688867e+00 -3.846667e-02 
3.353200e-01 4.903000e-02 7.338667e-01 2.252000e-09 1.007400e+00 -1.079900e+00 -2.325667e+00 7.320000e-02 3.872867e+00 4.913333e-02 
3.576400e-01 4.221000e-02 6.585600e-01 2.369333e-09 9.846000e-01 2.407000e-01 -7.810000e-01 5.980000e-01 2.922200e+00 1.800000e-03 
2.561200e-01 4.417000e-02 6.888533e-01 1.793333e-09 9.778000e-01 -1.011700e+00 3.996667e-01 4.764000e-01 4.421800e+00 -2.200000e-03 
3.250000e-01 5.275000e-02 7.182933e-01 1.652000e-09 1.092200e+00 -3.710333e-01 -2.395667e+00 2.836000e-01 2.284333e+00 1.753333e-02 
3.905200e-01 4.943000e-02 6.254933e-01 2.689333e-09 8.030000e-01 -2.325667e-01 -1.350333e+00 1.436000e-01 3.474200e+00 -2.540000e-02 
2.724400e-01 4.667000e-02 7.010133e-01 1.649333e-09 1.035000e+00 -4.123667e-01 -4.356667e-01 5.844000e-01 4.440200e+00 4.286667e-02 
3.259600e-01 5.239000e-02 6.252800e-01 2.870667e-09 8.250000e-01 -1.061300e+00 -1.149667e+00 1.268000e-01 3.348467e+00 1.113333e-02 
3.775600e-01 4.313000e-02 7.430400e-01 1.985333e-09 9.930000e-01 7.123333e-02 -2.176333e+00 2.556000e-01 2.296600e+00 -2.220000e-02 
2.671600e-01 5.011000e-02 6.773333e-01 2.785333e-09 8.014000e-01 -4.020333e-01 -1.663000e+00 3.660000e-01 3.860600e+00 -3.740000e-02 
3.358000e-01 4.965000e-02 7.409067e-01 1.153333e-09 9.694000e-01 -7.905667e-01 4.183333e-01 4.484000e-01 2.925267e+00 3.593333e-02 
3.907600e-01 4.179000e-02 6.382933e-01 1.777333e-09 1.078200e+00 8.156667e-02 -2.251000e+00 1.372000e-01 3.152200e+00 -5.933333e-03 
2.681200e-01 4.023000e-02 6.572800e-01 2.220000e-09 1.097400e+00 -6.293667e-01 2.783333e-01 2.788000e-01 3.498733e+00 2.313333e-02 
3.338800e-01 4.661000e-02 6.353067e-01 1.604000e-09 8.346000e-01 -7.843667e-01 -2.255667e+00 5.244000e-01 2.287400e+00 -3.073333e-02 
3.742000e-01 5.477000e-02 7.078400e-01 2.580000e-09 9.706000e-01 1.084333e-01 -1.401667e+00 1.572000e-01 4.179533e+00 -1.486667e-02 
2.213200e-01 5.259000e-02 6.423467e-01 1.868000e-09 9.010000e-01 1.807667e-01 -2.129667e+00 9.800000e-02 3.971000e+00 -1.513333e-02 
3.293200e-01 4.429000e-02 7.577600e-01 1.268000e-09 1.062200e+00 -3.400333e-01 -1.611667e+00 4.644000e-01 2.814867e+00 3.860000e-02 
3.626800e-01 4.547000e-02 6.545067e-01 2.966667e-09 8.926000e-01 -1.038567e+00 1.943333e-01 2.996000e-01 3.047933e+00 -1.753333e-02 
2.784400e-01 5.319000e-02 7.537067e-01 1.292000e-09 8.730000e-01 -8.691000e-01 -2.022333e+00 3.892000e-01 4.096733e+00 1.086667e-02 
2.969200e-01 4.155000e-02 6.626133e-01 2.910667e-09 1.026200e+00 -7.678333e-01 -2.500000e-02 5.324000e-01 2.888467e+00 -3.793333e-02 
3.701200e-01 4.853000e-02 6.067200e-01 2.001333e-09 9.514000e-01 2.117667e-01 -1.177667e+00 1.316000e-01 3.032600e+00 4.366667e-02 
2.405200e-01 4.117000e-02 6.781867e-01 2.428000e-09 8.198000e-01 6.090000e-02 -1.280333e+00 3.524000e-01 2.511267e+00 1.686667e-02 
3.312400e-01 5.407000e-02 7.366400e-01 2.089333e-09 9.618000e-01 -4.351000e-01 -2.937000e+00 1.908000e-01 4.323667e+00 1.073333e-02 
3.612400e-01 4.745000e-02 6.378667e-01 1.494667e-09 1.079400e+00 -1.026167e+00 4.556667e-01 4.228000e-01 3.618333e+00 -3.500000e-02 
2.698000e-01 5.437000e-02 7.157333e-01 1.550667e-09 9.538000e-01 -1.540333e-01 -2.769000e+00 5.748000e-01 3.716467e+00 5.000000e-03 
3.043600e-01 4.873000e-02 6.225067e-01 2.550667e-09 8.594000e-01 -6.521000e-01 -4.833333e-02 1.172000e-01 3.854467e+00 -4.993333e-02 
3.622000e-01 4.053000e-02 6.882133e-01 2.204000e-09 1.096600e+00 -7.864333e-01 -1.163667e+00 2.444000e-01 2.722867e+00 4.260000e-02 
2.534800e-01 4.475000e-02 7.031467e-01 2.892000e-09 9.978000e-01 -8.629000e-01 -1.136667e-01 3.556000e-01 4.210200e+00 4.513333e-02 
3.158800e-01 4.503000e-02 7.415467e-01 1.294667e-09 8.230000e-01 -3.111000e-01 -2.279000e+00 4.868000e-01 2.900733e+00 -3.006667e-02 
3.922000e-01 5.423000e-02 6.214400e-01 1.708000e-09 1.075000e+00 -1.003000e-01 -1.271000e+00 1.868000e-01 3.373000e+00 9.533333e-03 
2.503600e-01 4.249000e-02 6.274133e-01 2.105333e-09 1.097800e+00 1.477000e-01 -1.313000e+00 2.492000e-01 2.821000e+00 2.866667e-03 
3.377200e-01 5.059000e-02 6.540800e-01 2.692000e-09 9.266000e-01 -9.455667e-01 -5.710000e-01 5.740000e-01 4.023133e+00 -4.206667e-02 
3.482800e-01 4.931000e-02 7.426133e-01 1.100000e-09 8.246000e-01 -3.669000e-01 -1.854333e+00 6.440000e-02 3.228867e+00 1.780000e-02 
2.714800e-01 4.875000e-02 7.413333e-01 1.089333e-09 8.610000e-01 -8.587667e-01 -1.743333e-01 2.692000e-01 4.409533e+00 -1.353333e-02 
3.077200e-01 4.399000e-02 6.515200e-01 2.185333e-09 1.085000e+00 -4.413000e-01 -2.162333e+00 5.604000e-01 3.327000e+00 4.646667e-02 
3.737200e-01 5.019000e-02 6.850133e-01 2.838667e-09 9.562000e-01 -5.896667e-02 -8.556667e-01 3.160000e-02 2.612467e+00 -3.340000e-02 
2.378800e-01 4.809000e-02 7.110400e-01 1.334667e-09 9.226000e-01 -1.057167e+00 -2.437667e+00 5.900000e-01 3.468067e+00 -1.300000e-02 
3.245200e-01 4.385000e-02 7.027200e-01 1.932000e-09 1.097000e+00 1.125667e-01 -3.143333e-01 7.000000e-02 3.983267e+00 -2.580000e-02 
3.883600e-01 5.189000e-02 6.250667e-01 2.542667e-09 8.642000e-01 -5.611667e-01 -8.930000e-01 2.860000e-01 2.716733e+00 4.873333e-02 
2.530000e-01 4.531000e-02 6.645333e-01 2.137333e-09 8.294000e-01 -9.745000e-01 -2.447000e+00 5.400000e-02 4.044600e+00 1.913333e-02 
3.048400e-01 5.207000e-02 7.319467e-01 2.641333e-09 1.071000e+00 1.663000e-01 -1.429667e+00 2.148000e-01 2.719800e+00 -2.393333e-02 
3.763600e-01 4.033000e-02 6.286933e-01 1.425333e-09 9.966000e-01 -6.335000e-01 1.700000e-02 5.212000e-01 3.412867e+00 -4.066667e-03 
2.359600e-01 4.311000e-02 6.611200e-01 2.676000e-09 1.090200e+00 -3.875667e-01 -1.915000e+00 2.120000e-02 3.483400e+00 1.740000e-02 
3.178000e-01 5.463000e-02 7.261867e-01 1.577333e-09 8.410000e-01 4.230000e-02 -7.343333e-01 2.308000e-01 4.240867e+00 1.220000e-02 
3.960400e-01 4.589000e-02 6.487467e-01 1.974667e-09 9.622000e-01 -8.567000e-01 -6.130000e-01 5.572000e-01 2.376333e+00 -1.673333e-02 
2.429200e-01 4.793000e-02 6.419200e-01 1.612000e-09 8.698000e-01 2.303667e-01 -2.031667e+00 2.796000e-01 2.670733e+00 4.420000e-02 
3.026800e-01 4.047000e-02 6.816000e-01 2.348000e-09 1.054600e+00 -1.220433e+00 -1.555667e+00 4.292000e-01 4.378867e+00 9.133333e-03 
3.782800e-01 5.483000e-02 7.466667e-01 2.156000e-09 9.154000e-01 -5.653000e-01 5.433333e-02 1.940000e-01 3.271800e+00 -2.873333e-02 
2.218000e-01 4.487000e-02 6.163200e-01 2.086667e-09 1.019000e+00 -6.934333e-01 -1.276667e-01 4.124000e-01 3.339267e+00 -3.873333e-02 
3.180400e-01 4.807000e-02 7.443200e-01 2.366667e-09 9.866000e-01 1.849000e-01 -1.845000e+00 3.844000e-01 4.489267e+00 3.100000e-02 
3.766000e-01 5.325000e-02 6.754133e-01 1.377333e-09 8.290000e-01 -8.959667e-01 -8.230000e-01 9.080000e-02 2.591000e+00 1.366667e-02 
2.774800e-01 4.997000e-02 6.636800e-01 1.396000e-09 1.095800e+00 -3.003333e-02 -2.661667e+00 5.540000e-01 2.799533e+00 1.620000e-02 
3.017200e-01 4.391000e-02 7.596800e-01 2.476000e-09 9.994000e-01 -9.517667e-01 -7.016667e-01 3.020000e-01 3.875933e+00 -4.793333e-02 
3.494800e-01 5.385000e-02 6.259200e-01 1.921333e-09 8.170000e-01 -4.557667e-01 2.550000e-01 1.580000e-01 3.676600e+00 2.446667e-02 
2.563600e-01 4.907000e-02 6.101333e-01 2.060000e-09 1.063000e+00 -9.042333e-01 -2.913667e+00 1.532000e-01 3.744067e+00 -2.733333e-03 
3.161200e-01 4.041000e-02 7.114667e-01 1.030667e-09 8.882000e-01 -7.141000e-01 1.430000e-01 3.324000e-01 3.419000e+00 2.220000e-02 
3.869200e-01 5.237000e-02 6.769067e-01 2.825333e-09 9.466000e-01 1.725000e-01 -8.650000e-01 4.524000e-01 2.931400e+00 -3.020000e-02 
2.220400e-01 4.923000e-02 6.350933e-01 2.657333e-09 9.294000e-01 -1.059233e+00 8.700000e-02 7.240000e-02 3.323933e+00 4.200000e-03 
3.182800e-01 4.065000e-02 6.856533e-01 1.401333e-09 8.998000e-01 1.353000e-01 -2.050333e+00 3.940000e-01 4.250067e+00 2.980000e-02 
3.569200e-01 5.321000e-02 7.349333e-01 2.201333e-09 1.082200e+00 -2.966333e-01 -1.005000e+00 5.236000e-01 2.407000e+00 -2.313333e-02 
2.450800e-01 5.313000e-02 6.969600e-01 2.310667e-09 1.016600e+00 -1.249367e+00 -6.736667e-01 1.412000e-01 3.863667e+00 -3.460000e-02 
2.945200e-01 4.817000e-02 7.082667e-01 1.316000e-09 9.498000e-01 -5.797667e-01 -2.839000e+00 5.348000e-01 3.127667e+00 4.900000e-02 
3.550000e-01 4.473000e-02 6.107733e-01 2.932000e-09 8.674000e-01 1.415000e-01 -3.656667e-01 2.580000e-01 2.962067e+00 5.800000e-03 
2.242000e-01 5.221000e-02 7.345067e-01 1.388000e-09 9.730000e-01 -1.602333e-01 -1.061000e+00 2.092000e-01 2.836333e+00 -3.820000e-02 
3.317200e-01 4.633000e-02 6.429867e-01 2.809333e-09 1.015400e+00 -4.082333e-01 -2.587000e+00 6.520000e-02 3.182867e+00 4.793333e-02 
3.660400e-01 4.367000e-02 6.843733e-01 1.820000e-09 8.070000e-01 -9.579667e-01 -5.430000e-01 5.612000e-01 4.102867e+00 2.066667e-03 
2.798800e-01 5.411000e-02 6.135467e-01 2.918667e-09 9.766000e-01 -1.092300e+00 -1.859000e+00 2.684000e-01 3.725667e+00 -1.846667e-02 
2.842000e-01 4.123000e-02 7.581867e-01 2.332000e-09 1.036200e+00 -2.796667e-02 -1.751667e+00 4.772000e-01 2.729000e+00 2.600000e-03 
3.876400e-01 4.669000e-02 6.621867e-01 1.110667e-09 8.026000e-01 -2.759667e-01 -3.983333e-01 1.596000e-01 3.756333e+00 2.526667e-02 
2.570800e-01 5.445000e-02 6.289067e-01 1.321333e-09 1.037400e+00 -6.872333e-01 -2.349000e+00 2.548000e-01 3.593800e+00 4.006667e-02 
3.334000e-01 4.845000e-02 6.877867e-01 2.740000e-09 8.950000e-01 2.262333e-01 -4.450000e-01 4.564000e-01 4.406467e+00 -2.086667e-02 
3.444400e-01 4.337000e-02 7.590400e-01 2.270667e-09 9.886000e-01 -9.993000e-01 -1.471667e+00 1.644000e-01 2.223000e+00 1.020000e-02 
2.762800e-01 4.185000e-02 6.724267e-01 2.638667e-09 8.466000e-01 -5.095000e-01 -2.755000e+00 5.492000e-01 2.940600e+00 1.900000e-02 
3.209200e-01 5.217000e-02 7.417600e-01 1.062667e-09 1.023400e+00 -1.296900e+00 -4.916667e-01 3.516000e-01 3.731800e+00 -5.133333e-03 
3.751600e-01 4.851000e-02 6.122667e-01 1.988000e-09 9.642000e-01 1.787000e-01 -1.056333e+00 1.400000e-02 3.790067e+00 -2.460000e-02 
2.683600e-01 5.429000e-02 7.042133e-01 1.761333e-09 8.206000e-01 -4.785000e-01 -2.293000e+00 5.372000e-01 2.771933e+00 -2.446667e-02 
3.168400e-01 4.071000e-02 7.246933e-01 1.209333e-09 9.326000e-01 1.750000e-02 -6.316667e-01 6.840000e-02 4.155000e+00 1.553333e-02 
3.403600e-01 4.879000e-02 6.033067e-01 2.889333e-09 1.051400e+00 -9.269667e-01 -8.463333e-01 3.124000e-01 3.572333e+00 3.686667e-02 
2.520400e-01 4.369000e-02 7.517867e-01 1.796000e-09 1.000200e+00 -1.100567e+00 -2.033333e-02 3.460000e-01 2.483667e+00 -2.866667e-03 
2.880400e-01 5.339000e-02 6.444800e-01 1.420000e-09 8.126000e-01 -1.953667e-01 -1.574333e+00 4.364000e-01 3.624467e+00 4.726667e-02 
3.962800e-01 4.621000e-02 6.732800e-01 2.633333e-09 9.834000e-01 -4.144333e-01 -2.013000e+00 1.540000e-01 4.145800e+00 -4.700000e-02 
2.606800e-01 5.089000e-02 7.432533e-01 1.689333e-09 1.031000e+00 1.683667e-01 -2.871667e+00 2.188000e-01 3.176733e+00 -3.400000e-03 
3.281200e-01 4.635000e-02 6.508800e-01 1.004000e-09 8.270000e-01 -6.087000e-01 -2.116667e-01 5.852000e-01 2.775000e+00 -2.153333e-02 
3.758800e-01 4.275000e-02 6.741333e-01 2.681333e-09 9.954000e-01 -9.373000e-01 -8.743333e-01 1.804000e-01 4.164200e+00 4.660000e-02 
2.789200e-01 5.307000e-02 6.609067e-01 1.364000e-09 1.017800e+00 -2.429000e-01 -2.288333e+00 4.000000e-04 4.158067e+00 4.333333e-03 
2.933200e-01 4.975000e-02 6.506667e-01 1.700000e-09 9.522000e-01 -8.711667e-01 2.176667e-01 5.988000e-01 2.357933e+00 2.593333e-02 
3.401200e-01 4.017000e-02 7.389867e-01 2.988000e-09 8.738000e-01 -3.524333e-01 -1.121667e+00 2.820000e-01 3.575400e+00 -2.726667e-02 
2.352400e-01 4.465000e-02 6.222933e-01 2.158667e-09 1.047000e+00 -9.063000e-01 -8.323333e-01 5.708000e-01 3.642867e+00 2.766667e-02 
3.170800e-01 5.133000e-02 7.513600e-01 1.070667e-09 9.418000e-01 -4.495667e-01 -5.766667e-02 1.044000e-01 2.603267e+00 -3.333333e-04 
3.566800e-01 4.573000e-02 6.929067e-01 2.961333e-09 8.742000e-01 1.973000e-01 -2.568333e+00 2.412000e-01 4.017000e+00 -2.126667e-02 
