-1.599760852700000013e+00
-1.560024626099999923e+00
-1.520288399500000054e+00
-1.480552172999999971e+00
-1.440815946400000103e+00
-1.401079719800000012e+00
-1.361343493199999921e+00
-1.321607266600000052e+00
-1.281871039999999962e+00
-1.242134813500000101e+00
-1.202398586900000010e+00
-1.162662360299999920e+00
-1.122926133700000051e+00
-1.083189907099999960e+00
-1.043453680600000100e+00
-1.003717454000000009e+00
-9.639812273900000283e-01
-9.242450008100000503e-01
-8.845087742299999611e-01
-8.447725476399999822e-01
-8.050363210600000041e-01
-7.653000944800000260e-01
-7.255638679000000479e-01
-6.858276413199999588e-01
-6.460914147299999799e-01
-6.063551881500000018e-01
-5.666189615700000237e-01
-5.268827349900000456e-01
-4.871465084100000120e-01
-4.474102818199999776e-01
-4.076740552399999995e-01
-3.679378286600000214e-01
-3.282016020799999878e-01
-2.884653755000000097e-01
-2.487291489200000039e-01
-2.089929223299999972e-01
-1.692566957499999913e-01
-1.295204691700000132e-01
-8.978424258799999613e-02
-5.004801600599999983e-02
-1.031178942400000006e-02
2.942443715799999970e-02
6.916066374000000294e-02
1.088968903199999949e-01
1.486331169000000008e-01
1.883693434900000074e-01
2.281055700700000133e-01
2.678417966500000191e-01
3.075780232299999972e-01
3.473142498099999753e-01
3.870504764000000097e-01
4.267867029799999878e-01
4.665229295600000214e-01
5.062591561400000550e-01
5.459953827200000331e-01
5.857316093000000112e-01
6.254678358899999902e-01
6.652040624699999682e-01
7.049402890499999463e-01
7.446765156300000355e-01
7.844127422100000135e-01
8.241489687999999925e-01
8.638851953799999706e-01
9.036214219599999486e-01
