-1.5997608527e+00
-1.4118589934e+00
-1.2595433551e+00
-1.1888476539e+00
-1.1123215727e+00
-1.0742624619e+00
-1.0319942592e+00
-9.8038390059e-01
-9.4663916477e-01
-9.1899853691e-01
-8.9218600342e-01
-8.6389427784e-01
-8.3188103553e-01
-8.0876367061e-01
-7.8448837211e-01
-7.5628119925e-01
-7.3596768539e-01
-7.1073632417e-01
-6.8733973819e-01
-6.6702066992e-01
-6.4804979134e-01
-6.2776869553e-01
-6.0725834918e-01
-5.9014808319e-01
-5.7010160652e-01
-5.4889894736e-01
-5.3042692523e-01
-5.1134938025e-01
-4.9106524830e-01
-4.7218087808e-01
-4.5262221702e-01
-4.3469129615e-01
-4.1472782684e-01
-3.9521791560e-01
-3.7720760946e-01
-3.5881996677e-01
-3.4020200685e-01
-3.2227052911e-01
-3.0401102944e-01
-2.8553120683e-01
-2.6772537134e-01
-2.4944483719e-01
-2.3076793716e-01
-2.1261223553e-01
-1.9453860894e-01
-1.7614723394e-01
-1.5768110575e-01
-1.3927227832e-01
-1.2112319108e-01
-1.0280220393e-01
-8.4351338783e-02
-6.6141916956e-02
-4.7881613574e-02
-2.9618540154e-02
-1.1232967323e-02
7.2128867409e-03
2.5540432758e-02
4.3771085053e-02
6.2089009040e-02
8.0451839168e-02
9.8669895098e-02
1.1702634302e-01
1.3541649651e-01
1.5371961673e-01
1.7205951138e-01
1.9033972175e-01
2.0862964175e-01
2.2699827490e-01
2.4532498138e-01
2.6364380209e-01
2.8196837341e-01
3.0028159961e-01
3.1857391746e-01
3.3686479878e-01
3.5518313355e-01
3.7350956214e-01
3.9182234192e-01
4.1015859890e-01
4.2849011380e-01
4.4679639467e-01
4.6510537139e-01
4.8341566144e-01
5.0173641871e-01
5.2006371570e-01
5.3837310849e-01
5.5668168590e-01
5.7500048758e-01
5.9331391594e-01
6.1162526098e-01
6.2994354525e-01
6.4825994038e-01
6.6658296399e-01
6.8490119653e-01
7.0321095982e-01
7.2153092009e-01
7.3985001845e-01
7.5816293466e-01
7.7647832618e-01
7.9479418714e-01
8.1310758130e-01
8.3142716037e-01
8.4974506120e-01
8.6806022363e-01
8.8637380229e-01
9.0468971948e-01
9.2300841588e-01
9.4132431731e-01
9.5964047550e-01
9.7795554234e-01
9.9627249475e-01
1.0145886149e+00
1.0329026598e+00
1.0512202909e+00
1.0695359465e+00
1.0878510826e+00
1.1061685490e+00
1.1244844791e+00
1.1428004501e+00
1.1611166665e+00
1.1794323046e+00
1.1977487513e+00
1.2160655131e+00
1.2343816124e+00
1.2526974646e+00
1.2710137975e+00
1.2891766867e+00
1.3074308212e+00
1.3257223511e+00
1.3440063829e+00
1.3622789087e+00
1.3805316285e+00
1.3987467919e+00
1.4168777941e+00
1.4348677284e+00
1.4531611679e+00
1.4712455239e+00
1.4890215523e+00
1.5056812151e+00
