2.746970000000000245e-01 4.519191999999999654e-02 6.994276000000000382e-01 2.485184999999999830e-09 9.756734000000000240e-01 -1.066667000000000032e+00 -3.409091000000000204e-01 1.265151999999999943e-01 2.665319999999999911e+00 -2.161615999999999885e-02
2.974242000000000274e-01 4.894948999999999828e-02 6.681144999999999445e-01 1.981480999999999974e-09 9.893098000000000170e-01 -1.123232000000000008e+00 -7.196970000000000312e-01 7.590908999999999851e-02 3.617507999999999946e+00 2.727272999999999850e-02
3.468182000000000209e-01 4.907070999999999655e-02 7.176093999999999529e-01 1.838720999999999941e-09 9.556396999999999808e-01 -8.767677000000000387e-01 4.116161999999999876e-01 1.065152000000000043e-01 2.778451000000000004e+00 5.858585999999999828e-03
2.753030000000000199e-01 4.767677000000000026e-02 6.832660000000000400e-01 2.029966000000000143e-09 9.509258999999999906e-01 -1.199999999999999956e+00 -9.570707000000000519e-01 7.439394000000000562e-02 3.202694000000000152e+00 -9.090908999999999449e-03
2.943938999999999862e-01 4.537374000000000268e-02 7.388215000000000199e-01 1.930302999999999967e-09 9.965488000000000124e-01 -9.050504999999999800e-01 -4.520201999999999831e-01 1.204545000000000060e-01 2.745455000000000201e+00 1.919192000000000120e-02
3.259091000000000071e-01 4.941414000000000223e-02 6.576767999999999503e-01 2.272391000000000161e-09 9.790404000000000329e-01 -8.545454999999999579e-01 4.823232000000000075e-01 1.183333000000000024e-01 3.537373999999999796e+00 -1.212121000000000032e-02
2.656061000000000116e-01 4.804039999999999699e-02 7.132323000000000413e-01 2.396296000000000056e-09 9.970539000000000485e-01 -1.115151999999999921e+00 -3.459595999999999782e-01 1.001515000000000044e-01 3.306397000000000030e+00 -2.202020000000000019e-02
3.168181999999999943e-01 4.963635999999999743e-02 6.778788000000000036e-01 1.784848000000000080e-09 9.677609000000000350e-01 -7.636363999999999930e-01 6.818182000000000409e-02 6.318181999999999965e-02 2.514477999999999991e+00 -6.060605999999999632e-03
3.410605999999999915e-01 4.624241999999999936e-02 6.617172000000000054e-01 2.188888999999999967e-09 9.574915999999999983e-01 -1.064645999999999981e+00 -5.075758000000000214e-01 1.471212000000000075e-01 3.230976000000000070e+00 2.020202000000000109e-02
2.865152000000000254e-01 4.870706999999999814e-02 6.549831999999999876e-01 1.706733999999999992e-09 9.990740999999999650e-01 -8.848485000000000378e-01 8.838384000000000518e-02 1.180303000000000047e-01 2.726599000000000217e+00 5.454544999999999880e-03
3.040908999999999973e-01 4.975758000000000264e-02 7.041414000000000284e-01 2.285858999999999892e-09 9.532827999999999857e-01 -9.393939000000000039e-01 -6.035354000000000552e-01 1.328787999999999914e-01 3.603366999999999987e+00 2.444444000000000131e-02
3.328787999999999747e-01 4.529293000000000208e-02 7.091918999999999862e-01 2.048822000000000186e-09 9.686027000000000386e-01 -1.260605999999999893e+00 -4.823232000000000075e-01 6.984848000000000445e-02 2.783164999999999889e+00 -1.232322999999999925e-02
2.756061000000000205e-01 4.901010000000000089e-02 6.839393999999999751e-01 1.704040000000000042e-09 9.729797999999999503e-01 -1.224242000000000052e+00 -5.808080999999999661e-02 7.833333000000000657e-02 2.533332999999999835e+00 1.494948999999999931e-02
3.140909000000000062e-01 4.525252999999999914e-02 6.529629999999999601e-01 2.035354000000000042e-09 9.654040000000000399e-01 -8.666667000000000121e-01 -9.873737000000000208e-01 1.404545000000000099e-01 3.047137999999999902e+00 -1.131312999999999937e-02
3.325757999999999770e-01 4.884847999999999968e-02 7.297306000000000070e-01 2.436700000000000074e-09 9.968854999999999800e-01 -9.151515000000000066e-01 1.085858999999999991e-01 9.984848000000000334e-02 3.301683999999999841e+00 -3.232323000000000054e-03
2.762121000000000159e-01 4.727272999999999892e-02 6.472390999999999561e-01 2.062289999999999917e-09 9.669191999999999787e-01 -7.838384000000000462e-01 1.792929000000000050e-01 1.425758000000000025e-01 3.424242000000000008e+00 1.414141000000000052e-03
3.156061000000000005e-01 5.060606000000000132e-02 7.293939000000000394e-01 2.471717000000000099e-09 9.613635999999999848e-01 -1.167677000000000076e+00 -7.828282999999999769e-02 7.681817999999999980e-02 3.042424000000000017e+00 -1.090908999999999976e-02
3.280302999999999969e-01 4.618181999999999843e-02 6.930302999999999880e-01 1.774074000000000092e-09 9.886363999999999708e-01 -1.048484999999999889e+00 -8.207071000000000227e-01 9.924241999999999786e-02 2.321212000000000053e+00 1.232322999999999925e-02
2.704544999999999866e-01 4.917172000000000209e-02 6.866330000000000489e-01 1.986868999999999873e-09 9.531144999999999756e-01 -8.989899000000000084e-01 -7.045455000000000467e-01 1.489393999999999996e-01 3.089561999999999919e+00 -1.575758000000000020e-02
3.071211999999999831e-01 4.674746999999999930e-02 6.452189000000000396e-01 2.275083999999999999e-09 9.975589000000000262e-01 -1.159596000000000071e+00 2.045454999999999912e-01 1.004545000000000021e-01 3.542088000000000125e+00 -8.080808000000000305e-04
3.316666999999999810e-01 4.840404000000000234e-02 7.364646000000000248e-01 1.887205000000000205e-09 9.763467999999999591e-01 -9.838384000000000018e-01 -1.742423999999999917e-01 7.409090999999999594e-02 2.406060999999999783e+00 2.101010000000000030e-02
2.780303000000000080e-01 5.090908999999999712e-02 6.785522000000000498e-01 2.024579000000000149e-09 9.950337000000000209e-01 -1.012121000000000048e+00 -5.782827999999999857e-01 1.456060999999999883e-01 2.566329999999999778e+00 -2.424242000000000063e-03
3.198484999999999800e-01 4.646465000000000317e-02 7.273737000000000119e-01 1.919528999999999979e-09 9.536194999999999533e-01 -1.157575999999999938e+00 3.560606000000000049e-01 1.150000000000000050e-01 3.174411000000000094e+00 -1.818182000000000131e-02
3.231818000000000191e-01 4.757576000000000166e-02 6.448821999999999610e-01 2.337036999999999899e-09 9.760100999999999916e-01 -7.717171999999999921e-01 -1.287879000000000107e-01 6.378788000000000513e-02 3.320539000000000129e+00 1.575758000000000020e-02
2.640909000000000173e-01 4.610100999999999782e-02 7.081817999999999724e-01 1.941076999999999955e-09 9.692760999999999738e-01 -8.000000000000000444e-01 -2.954545000000000088e-01 1.462121000000000115e-01 2.915151999999999965e+00 1.959595999999999907e-02
3.065151999999999877e-01 4.997979999999999784e-02 6.906733999999999929e-01 2.148484999999999948e-09 9.625420999999999561e-01 -1.165656999999999943e+00 4.469697000000000253e-01 6.590909000000000351e-02 2.415487999999999857e+00 -1.616161999999999981e-03
3.225758000000000236e-01 4.749495000000000106e-02 6.634006999999999543e-01 2.347810999999999886e-09 9.852693999999999619e-01 -9.434342999999999479e-01 -9.166666999999999454e-01 9.469697000000000531e-02 3.645791000000000004e+00 -2.565657000000000007e-02
